0 1
1 1
2 1.16921
3 1.07623
4 1.12787
5 1.101
6 1.10588
7 1.10009
8 1.05153
9 1.02518
10 1.04051
11 1.06596
12 1.03047
13 1.03149
14 1.08276
15 1.08407
16 1.0804
17 1.09247
18 1.16494
19 1.12503
20 1.08936
21 1.15485
22 1.10554
23 1.0821
24 1.05091
25 1.03348
26 1.02205
27 1.01856
28 1.03708
29 1.01095
30 1.02705
31 1.04681
32 1.04943
33 1.03628
34 1.02754
35 1.04192
36 1.03149
37 1.03845
38 1.04681
39 1.04192
40 1.05888
41 1.03269
42 1.03197
43 1.04968
44 1.04762
45 1.04943
46 1.04257
47 1.03869
48 1.02581
49 1.04697
50 1.02872
51 1.05713
52 1.02882
53 1.03388
54 1.02764
55 1.03731
56 1.04446
57 1.04814
58 1.0466
59 1.06342
60 1.0502
61 1.05643
62 1.03286
63 1.0174
64 1.01422
65 1.03017
66 1.06174
67 1.06384
68 1.07107
69 1.04894
70 1.03973
71 1.02675
72 0.967794
73 1.01475
74 1.05339
75 1.04721
76 1.04436
77 1.04172
78 1.0147
79 1.01972
80 1.01151
81 1.03721
82 1.08638
83 1.02205
84 1.0748
85 1.02065
86 1.07559
87 1.06993
88 1.08512
89 1.08319
90 1.037
91 1.02734
92 1.02557
93 1.0393
94 1.03909
95 1.04294
96 1.05091
97 1.02557
98 1.03149
99 1.02636
100 1.01176
101 1.03176
102 0.998072
103 0.989449
104 1.01786
105 1.01555
106 1.01082
107 1.01202
108 1.01324
109 1.02088
110 1.00283
111 1.00368
112 0.996958
113 1.02283
114 1.01355
115 1.02628
116 1.02166
117 1.01592
118 0.999508
119 1.02793
120 1.02912
121 1.02205
122 1.01555
123 1.02959
124 1.01049
125 1.03917
126 1.02882
127 1.02557
128 1.03299
129 1.01662
130 1.00859
131 1.02112
132 1.02299
133 1.01894
134 1.01195
135 1.03126
136 1.00143
137 1.00303
138 1.00503
139 1.02912
140 1.00432
141 1.01451
142 1.00368
143 0.999437
144 0.996958
145 1.02065
146 0.992527
147 0.995723
148 1.01778
149 1.01125
150 1.00271
151 1.01555
152 1.00293
153 1.00594
154 0.985084
155 1.00111
156 1.00068
157 0.993631
158 0.986498
159 0.98996
160 1.01135
161 1.00821
162 1.01547
163 1.00651
164 1.01106
165 1.01147
166 1.02309
167 0.995688
168 1.0125
169 1.0303
170 1.01125
171 1.01508
172 1.02127
173 1.04208
174 1.06241
175 1.08936
176 1.10554
177 1.09291
178 1.05538
179 1.03917
180 1.03789
181 1.03183
182 1.0303
183 1.03835
184 1.04681
185 1.03149
186 1.02127
187 1.02646
188 1.00886
189 1.01856
190 1.04746
191 1.03973
192 1.07883
193 1.08407
194 1.1293
195 1.08014
196 1.08203
197 1.04943
198 1.02959
199 1.01135
200 1.00685
201 1.02019
202 1.00458
203 1.01902
204 1.01856
205 1.01112
206 1.00105
207 1.00143
208 0.978931
209 0.997849
210 0.98306
211 1.00368
212 0.991645
213 1.02283
214 1.0033
215 1.00481
216 0.999747
217 1.01894
218 1.00518
219 1.00143
220 1.02205
221 1.01141
222 1.00199
223 1.02878
224 1.00271
225 1.01585
226 1.00691
227 1.01324
228 0.995569
229 0.996513
230 1.00018
231 0.984402
232 0.98162
233 0.989528
234 0.992968
235 0.993907
236 1.00481
237 1.00724
238 0.974658
239 1.00225
240 0.996958
241 0.997514
242 0.997793
243 0.999188
244 0.994737
245 0.988682
246 1.0033
247 0.999188
248 0.992895
249 1.00916
250 1.00393
251 0.997329
252 0.998351
253 0.997849
254 0.989229
255 1.00912
256 0.996005
257 0.986317
258 0.995181
259 0.98234
260 0.990326
261 1.01278
262 1.00481
263 0.999188
264 1.01637
265 1.0309
266 1.01462
267 0.998444
268 1.01311
269 0.98216
270 0.99863
271 1.00432
272 0.987407
273 0.998692
274 0.999188
275 0.998444
276 1.00233
277 1.02299
278 1.02557
279 0.994737
280 1.02487
281 1.01773
282 0.999635
283 0.983421
284 0.999561
285 0.986498
286 1.0304
287 1.00966
288 0.995476
289 1.01106
290 1.01416
291 1.01662
292 1.01278
293 0.998295
294 1.00821
295 0.997849
296 1.00973
297 1.02065
298 1.0125
299 1.0244
300 1.02423
301 1.02507
302 1.05339
303 1.04382
304 1.06306
305 1.04111
306 1.01049
307 1.00481
308 0.995054
309 0.997514
310 1.00207
311 0.999747
312 1.00368
313 0.993852
314 1.00424
315 0.992527
316 1.00562
317 1.0033
318 1.01164
319 1.01075
320 1.04762
321 1.08671
322 1.08145
323 1.04771
324 1.01078
325 1.01585
326 0.99863
327 0.990954
328 0.983782
329 0.982052
330 0.968844
331 0.98198
332 0.994737
333 0.988573
334 0.977324
335 0.986498
336 0.978972
337 1.00293
338 0.986746
339 1.01011
340 1.01393
341 1.03245
342 1.04436
343 1.02264
344 1.02675
345 1.02581
346 1.03652
347 1.01894
348 1.01653
349 1.03388
350 1.04395
351 1.03441
352 1.04424
353 1.00143
354 1.00424
355 0.998869
356 1.00424
357 0.99863
358 1.01585
359 1.01508
360 1.01278
361 1.01707
362 1.00405
363 1.00594
364 0.998909
365 1.03388
366 1.00789
367 1.02466
368 0.995476
369 0.985229
370 0.990326
371 1.008
372 0.976469
373 0.984595
374 0.992895
375 0.991976
376 1.01049
377 0.988135
378 1.01072
379 0.993079
380 0.988135
381 0.988135
382 0.98216
383 0.99855
384 0.977935
385 0.986389
386 0.975494
387 0.964919
388 0.966329
389 0.969896
390 0.985643
391 0.984867
392 0.964919
393 0.982052
394 0.973861
395 0.983301
396 0.985954
397 0.992527
398 1.01601
399 1.06292
400 1.07883
401 1.02912
402 1.02005
403 0.999188
404 1.00015
405 0.988448
406 1.02322
407 1.00844
408 1.02088
409 1.01773
410 1.00175
411 1.00594
412 0.991897
413 0.9827
414 0.998816
415 1.05939
416 1.05755
417 1.10213
418 1.12033
419 1.05738
420 1.03977
421 1.01336
422 1.00793
423 0.989229
424 1.00413
425 0.9827
426 0.989887
427 0.99341
428 0.975616
429 0.978037
430 0.98162
431 0.96727
432 0.990875
433 0.984324
434 0.964659
435 0.973419
436 0.974127
437 0.968424
438 0.956909
439 0.948274
440 0.974481
441 0.959478
442 0.96051
443 0.963099
444 0.965911
445 0.964138
446 0.940949
447 0.947603
448 0.97095
449 0.950292
450 0.929526
451 0.939497
452 0.945264
453 0.941776
454 0.96258
455 0.96258
456 0.959684
457 0.943267
458 0.942272
459 0.94493
460 0.942634
461 0.944264
462 0.96258
463 0.953843
464 0.943979
465 0.958449
466 0.961285
467 0.97519
468 0.969545
469 0.976897
470 0.973914
471 0.957764
472 0.976612
473 0.964064
474 0.976523
475 0.965702
476 0.993631
477 0.986196
478 0.965354
479 0.969896
480 0.965354
481 0.955169
482 0.961199
483 0.95822
484 0.955373
485 0.971554
486 0.983349
487 0.951304
488 0.943865
489 0.959272
490 0.94277
491 0.946599
492 0.96258
493 0.982484
494 0.971654
495 0.952995
496 0.97349
497 0.94908
498 0.959478
499 0.949786
500 0.98135
501 0.979467
502 0.96113
503 0.968844
504 0.965702
505 0.97095
506 0.978037
507 0.959994
508 0.961889
509 0.952724
510 0.948274
511 0.963965
512 0.949786
513 0.971889
514 0.978752
515 0.971584
516 0.977324
517 0.980423
518 0.971478
519 0.968844
520 0.990013
521 0.981466
522 0.995292
523 0.9885
524 0.968844
525 1.0174
526 1.03608
527 1.05526
528 1.01508
529 1.00973
530 1.01278
531 1.03508
532 1.00053
533 0.974658
534 0.958106
535 0.936346
536 0.941776
537 0.934778
538 0.978752
539 0.98138
540 0.970247
541 0.985643
542 1.00707
543 0.993999
544 0.970046
545 0.976612
546 0.988135
547 0.97519
548 0.96258
549 0.948778
550 0.97519
551 0.989386
552 0.97679
553 0.96937
554 0.968844
555 0.98306
556 0.978752
557 0.96605
558 0.96937
559 0.982052
560 0.985954
561 0.957888
562 0.950292
563 0.958106
564 0.961544
565 0.959272
566 0.983473
567 0.964659
568 0.960923
569 0.96258
570 0.969896
571 0.958449
572 0.987698
573 0.969896
574 0.968144
575 0.961285
576 0.971795
577 0.983782
578 0.992968
579 0.970649
580 0.960097
581 0.946934
582 0.956396
583 0.965354
584 0.979467
585 0.964312
586 0.980542
587 0.976612
588 0.978609
589 0.965255
590 0.960923
591 0.96258
592 0.9611
593 0.947699
594 0.976469
595 0.971252
596 0.955987
597 0.943267
598 0.964659
599 0.957216
600 0.912125
601 0.939723
602 0.96051
603 0.969746
604 0.965702
605 0.96258
606 0.946552
607 0.962995
608 0.97519
609 0.951557
610 0.954149
611 0.950966
612 0.955714
613 0.967166
614 0.949138
615 0.951642
616 0.971142
617 0.954149
618 0.96051
619 0.965255
620 0.963965
621 0.96518
622 0.96341
623 0.963826
624 0.958449
625 0.946766
626 0.946934
627 0.959994
628 0.937985
629 0.989386
630 0.973419
631 0.97519
632 0.964242
633 0.967944
634 0.961027
635 0.966398
636 0.971252
637 0.971373
638 0.966747
639 0.967794
640 0.969896
641 1.00239
642 0.968844
643 0.976469
644 0.967096
645 0.974127
646 0.967445
647 0.986888
648 0.989229
649 0.992842
650 0.996958
651 0.979467
652 1.01422
653 1.00368
654 0.995054
655 0.977324
656 0.973773
657 0.967445
658 0.996958
659 0.998909
660 0.987511
661 0.984867
662 1.00443
663 0.998258
664 0.988135
665 1.00312
666 0.994737
667 0.98234
668 1.00556
669 1.01082
670 0.998231
671 0.980542
672 0.975616
673 0.990765
674 0.98162
675 0.999188
676 1.00111
677 0.99333
678 0.966747
679 0.993907
680 0.986888
681 0.983782
682 0.993852
683 0.986498
684 0.994184
685 0.979161
686 0.992527
687 1.01832
688 0.992968
689 0.993631
690 0.991425
691 0.981032
692 0.991976
693 0.98306
694 0.989229
695 0.978854
696 0.996958
697 0.994737
698 0.98216
699 0.978752
700 0.985229
701 0.986825
702 0.98465
703 0.98162
704 0.986498
705 0.985229
706 0.96258
707 0.975456
708 0.978394
709 0.970599
710 0.987407
711 0.952318
712 0.974339
713 0.98216
714 0.988682
715 0.985954
716 0.975989
717 0.992086
718 1.00821
719 0.998518
720 0.984505
721 0.985954
722 1.00566
723 0.978854
724 0.971214
725 0.974481
726 0.979825
727 0.980184
728 0.998692
729 0.976469
730 0.980758
731 0.968319
732 1.01011
733 1.00175
734 1.00662
735 0.978609
736 0.986498
737 0.986888
738 0.99855
739 1.01856
740 0.98162
741 0.985954
742 1.00465
743 1.02557
744 1.01839
745 1.0073
746 1.01011
747 1.00935
748 1.00821
749 1.01317
750 0.985954
751 1.00685
752 1.03269
753 1.03869
754 1.06997
755 1.0174
756 1.00079
757 1.0303
758 1.03917
759 1.04409
760 1.04459
761 1.05463
762 1.0278
763 1.03748
764 1.01607
765 0.993631
766 1.01839
767 1.00503
768 0.992527
769 1.01393
770 1.01882
771 1.01021
772 0.977324
773 0.984505
774 0.991679
775 0.968844
776 0.98162
777 0.990326
778 0.978752
779 0.968844
780 0.980327
781 1.00594
782 1.00821
783 1.00764
784 0.978662
785 0.995846
786 0.982237
787 1.00776
788 0.986389
789 0.999934
790 0.98234
791 1.00821
792 0.981928
793 0.972218
794 0.959478
795 0.988448
796 1.00897
797 1.0021
798 0.995402
799 0.979038
800 0.995014
801 0.990326
802 0.985712
803 0.991645
804 0.98162
805 0.998816
806 0.99064
807 0.987589
808 0.985954
809 1.01202
810 1.01049
811 0.991059
812 1.0034
813 1.04599
814 1.0495
815 1.0821
816 1.10508
817 1.01451
818 1.02322
819 0.968144
820 0.946265
821 0.964659
822 0.970247
823 0.972359
824 0.979467
825 0.958449
826 0.988135
827 0.97519
828 0.973066
829 0.978037
830 0.991425
831 1.0244
832 1.05713
833 1.1293
834 1.12645
835 1.07753
836 1.04774
837 1.02272
838 1.02293
839 1.02252
840 1.00566
841 1.01221
842 1.0072
843 0.996958
844 1.00115
845 0.988682
846 1.01574
847 0.978394
848 0.98668
849 1.00031
850 0.998295
851 0.997403
852 1.02487
853 1.00973
854 0.994737
855 0.985084
856 1.02011
857 1.00368
858 1.01049
859 0.972536
860 1.00639
861 1.00143
862 0.996958
863 0.965354
864 0.995624
865 1.01049
866 1.01537
867 0.971478
868 1.00255
869 1.02912
870 1.00958
871 1.00098
872 1.01773
873 1.00424
874 1.00992
875 0.999508
876 1.00594
877 1.0118
878 1.04273
879 1.0303
880 1.02912
881 1.03448
882 1.02205
883 1.03245
884 1.01186
885 1.02088
886 1.01914
887 1.02557
888 1.00031
889 1.00691
890 1.02872
891 1.00239
892 1.02147
893 1.00859
894 1.01082
895 1.0018
896 0.992527
897 1.0244
898 1.0137
899 1.02112
900 1.00413
901 1.02912
902 1.00691
903 1.00481
904 1.0205
905 1.0203
906 1.01095
907 1.00919
908 0.997329
909 1.00458
910 0.97818
911 0.975723
912 0.991582
913 0.982052
914 1.01245
915 1.03255
916 1.02616
917 1.01972
918 1.00293
919 0.998816
920 1.02793
921 1.0174
922 1.00549
923 0.991205
924 1.01245
925 1.00068
926 1.01311
927 0.999934
928 1.00963
929 1.00396
930 0.994461
931 0.991059
932 1.00518
933 1.01164
934 0.999934
935 0.997793
936 1.01624
937 0.991897
938 1.00594
939 1.00594
940 0.999188
941 0.991059
942 0.999747
943 0.983782
944 0.98162
945 1.00312
946 0.992842
947 1.0147
948 1.01049
949 1.00724
950 0.993999
951 0.996958
952 1.00685
953 0.996005
954 0.996217
955 0.989595
956 0.992803
957 1.01125
958 1.05401
959 1.07438
960 1.09874
961 1.073
962 1.00992
963 0.992527
964 0.98996
965 0.994737
966 0.996217
967 0.998444
968 1.00368
969 0.996958
970 0.992086
971 1.00897
972 1.01125
973 1.03269
974 1.10828
975 1.1222
976 1.08936
977 1.03102
978 1.03731
979 1.00293
980 1.04739
981 1.02817
982 1.00935
983 1.02597
984 1.01416
985 1.03909
986 1.02557
987 1.02806
988 1.01355
989 1.01624
990 1.03468
991 1.03508
992 1.00685
993 1.00079
994 1.00935
995 0.99863
996 1.00716
997 0.996217
998 1.00175
999 0.986498
1000 1.01541
1001 1.00764
1002 0.99863
1003 1.00079
1004 0.980901
1005 0.983541
1006 0.96341
1007 0.968144
1008 0.987043
1009 0.98668
1010 0.996958
1011 0.991425
1012 0.988864
1013 0.983163
1014 1.00821
1015 0.989777
1016 1.0125
1017 1.00087
1018 0.987043
1019 0.983782
1020 1.0033
1021 1.02275
1022 1.00008
1023 0.995107
1024 1.0174
1025 1.00424
1026 1.01278
1027 1.01707
1028 1.00935
1029 1.02172
1030 1.0137
1031 1.00087
1032 1.00783
1033 1.03532
1034 1.01972
1035 1.01585
1036 1.02912
1037 1.02147
1038 1.00821
1039 1.00821
1040 1.00031
1041 1.00068
1042 1.0147
1043 1.0067
1044 1.00651
1045 1.00553
1046 1.00849
1047 0.998351
1048 0.990326
1049 0.990875
1050 0.996513
1051 1.00821
1052 0.990814
1053 1.00594
1054 0.989073
1055 0.994737
1056 0.987407
1057 1.00443
1058 1.02534
1059 1.02675
1060 1.0125
1061 1.00594
1062 1.01221
1063 1.01786
1064 0.98876
1065 0.99664
1066 1.00293
1067 1.00886
1068 0.991059
1069 1.00594
1070 0.994184
1071 1.02628
1072 0.993631
1073 1.01202
1074 1.01611
1075 1.00594
1076 1.01186
1077 1.01998
1078 1.01078
1079 1.00443
1080 1.00465
1081 1.00992
1082 0.994737
1083 0.999827
1084 1.01125
1085 0.992842
1086 1.0067
1087 0.999827
1088 1.01232
1089 1.00736
1090 1.02557
1091 1.00323
1092 1.00906
1093 0.987261
1094 1.00821
1095 0.997403
1096 1.01227
1097 0.990875
1098 0.994553
1099 0.986825
1100 0.987892
1101 1.00068
1102 0.984505
1103 0.993631
1104 0.98216
1105 1.01202
1106 1.02205
1107 1.02833
1108 1.00526
1109 1.00736
1110 1.00143
1111 0.997849
1112 1.00594
1113 1.01147
1114 0.999508
1115 1.00872
1116 1.0174
1117 1.02487
1118 1.03054
1119 1.01278
1120 1.02147
1121 1.00115
1122 1.02983
1123 0.995846
1124 1.01049
1125 1.00958
1126 1.02361
1127 1.00821
1128 1.01462
1129 1.02641
1130 1.01082
1131 1.00079
1132 1.01624
1133 1.01624
1134 1.03097
1135 1.01555
1136 0.999188
1137 0.994294
1138 0.988408
1139 1.00424
1140 1.00143
1141 1.01716
1142 1.00481
1143 1.0118
1144 1.01653
1145 1.00594
1146 1.02853
1147 1.01227
1148 1.00756
1149 1.00453
1150 0.993631
1151 1.01827
1152 1.00571
1153 1.01164
1154 1.00998
1155 1.00849
1156 1.02361
1157 1.01856
1158 1.02147
1159 1.0137
1160 1.02859
1161 1.0403
1162 1.03813
1163 1.02205
1164 1.06342
1165 1.03904
1166 1.02065
1167 1.03628
1168 1.01432
1169 1.01541
1170 1.00143
1171 1.00481
1172 1.00594
1173 1.02641
1174 1.01914
1175 1.01856
1176 1.02072
1177 1.0244
1178 1.00443
1179 1.02697
1180 1.02019
1181 1.00821
1182 0.996005
1183 0.987261
1184 0.994335
1185 1.01798
1186 1.00188
1187 1.02793
1188 1.04273
1189 1.01972
1190 1.03628
1191 1.03309
1192 1.03293
1193 1.0464
1194 1.02793
1195 1.01933
1196 1.0334
1197 1.02339
1198 1.0303
1199 1.04111
1200 1.02793
1201 1.00821
1202 1.008
1203 1.01475
1204 0.994737
1205 1.01701
1206 1.01607
1207 1.00218
1208 1.01995
1209 1.00973
1210 0.99863
1211 1.00594
1212 1.00207
1213 1.00345
1214 1.01914
1215 1.01393
1216 1.01095
1217 1.0118
1218 1.00919
1219 0.991059
1220 1.01118
1221 1.00143
1222 1.01164
1223 1.02557
1224 1.02283
1225 1.01087
1226 1.01803
1227 1.01773
1228 1.00973
1229 1.00283
1230 1.00143
1231 1.02127
1232 1.0399
1233 1.01487
1234 1.02525
1235 1.02139
1236 1.01682
1237 1.02636
1238 0.999188
1239 1.01894
1240 1.00368
1241 1.01769
1242 1.02401
1243 1.02401
1244 1.0147
1245 1.00345
1246 1.00368
1247 1.00368
1248 1.00143
1249 1.02147
1250 1.01711
1251 0.996711
1252 1.01662
1253 1.03335
1254 1.03193
1255 1.02381
1256 1.02728
1257 1.00497
1258 1.00912
1259 1.01049
1260 0.996402
1261 1.01278
1262 1.01508
1263 1.01995
1264 1.00859
1265 1.00041
1266 1.00821
1267 1.0034
1268 1.01164
1269 1.02127
1270 1.01595
1271 1.03328
1272 1.03829
1273 1.02065
1274 1.02406
1275 1.00443
1276 1.02264
1277 1.02587
1278 1.02469
1279 1.04428
1280 1.02205
1281 1.00368
1282 1.01769
1283 1.01317
1284 1.00278
1285 0.998741
1286 1.01624
1287 1.00405
1288 0.996958
1289 1.01843
1290 1.01611
1291 1.00626
1292 1.02159
1293 1.02205
1294 1.00724
1295 1.01278
1296 1.00041
1297 1.01049
1298 1.00948
1299 1.00278
1300 0.979161
1301 1.01508
1302 1.00935
1303 1.01585
1304 1.00111
1305 1.02507
1306 1.00396
1307 1.00509
1308 0.992527
1309 0.995688
1310 0.991792
1311 0.995846
1312 1.01049
1313 0.997912
1314 1.00143
1315 0.98996
1316 1.00343
1317 0.997912
1318 1.01202
1319 0.996958
1320 1.00849
1321 1.00919
1322 1.00992
1323 0.997276
1324 1.01475
1325 1.00143
1326 1.03829
1327 1.0607
1328 1.06851
1329 1.04081
1330 1.01914
1331 0.989699
1332 0.984264
1333 0.954353
1334 0.967345
1335 0.975799
1336 0.952318
1337 0.971302
1338 0.970649
1339 0.973914
1340 0.971252
1341 0.97519
1342 0.990326
1343 0.994553
1344 1.0395
1345 1.08026
1346 1.05289
1347 1.02983
1348 1.02912
1349 1.02498
1350 1.01578
1351 0.990954
1352 1.02065
1353 1.00255
1354 1.00453
1355 0.994737
1356 1.01202
1357 0.993263
1358 0.995371
1359 1.00906
1360 0.993017
1361 0.975723
1362 1.01095
1363 1.00736
1364 0.995846
1365 1.00443
1366 1.00497
1367 1.00878
1368 1.01049
1369 1.01879
1370 0.993631
1371 1.01943
1372 1.01347
1373 0.993157
1374 1.03938
1375 1.05526
1376 1.08014
1377 1.03923
1378 0.987862
1379 0.996124
1380 0.999561
1381 0.983782
1382 0.999188
1383 0.989449
1384 0.999188
1385 0.984712
1386 0.995569
1387 0.996958
1388 1.01213
1389 0.995054
1390 1.00188
1391 1.0124
1392 1.02229
1393 1.04446
1394 1.04354
1395 1.01955
1396 1.01021
1397 0.986389
1398 0.98162
1399 1.00424
1400 0.998518
1401 0.988135
1402 0.99664
1403 1.00594
1404 0.991866
1405 1.00087
1406 0.995569
1407 0.99863
1408 0.991268
1409 0.987407
1410 0.994737
1411 1.01364
1412 0.987698
1413 1.01049
1414 1.00278
1415 0.986498
1416 0.995292
1417 1.00432
1418 1.00509
1419 0.991425
1420 0.964659
1421 0.995054
1422 0.997768
1423 0.992527
1424 0.98162
1425 1.04057
1426 1.00793
1427 0.995402
1428 0.981141
1429 0.986825
1430 1.00318
1431 0.987589
1432 0.987043
1433 1.00462
1434 0.983349
1435 0.988135
1436 0.984324
1437 1.00015
1438 0.982012
1439 0.993473
1440 0.979736
1441 0.98306
1442 1.01087
1443 1.00632
1444 0.983473
1445 0.99863
1446 0.990326
1447 0.997793
1448 0.98541
1449 0.983301
1450 1.00343
1451 0.999934
1452 0.998741
1453 0.989503
1454 1.01016
1455 1.0174
1456 0.995688
1457 0.985591
1458 0.990692
1459 1.00526
1460 0.993157
1461 0.997403
1462 0.999468
1463 1.01817
1464 0.991897
1465 1.01422
1466 1.01611
1467 0.98996
1468 1.00526
1469 1.01508
1470 1.02176
1471 1.00405
1472 1.00143
1473 1.00685
1474 1.00756
1475 0.996322
1476 0.986196
1477 0.987043
1478 0.99855
1479 0.984712
1480 1.01384
1481 1.01008
1482 1.00079
1483 1.00323
1484 0.999468
1485 1.00368
1486 1.00368
1487 1.00368
1488 1.00571
1489 0.994134
1490 0.991425
1491 0.989887
1492 1.00175
1493 1.00594
1494 1.00594
1495 0.987407
1496 1.01049
1497 1.01634
1498 1.00268
1499 0.98541
1500 0.995107
1501 1.01095
1502 1.00303
1503 1.00958
1504 0.989887
1505 1.01221
1506 1.01993
1507 1.01106
1508 1.01422
1509 1.00935
1510 1.01701
1511 0.999685
1512 1.01164
1513 1.01278
1514 1.03628
1515 1.03269
1516 1.02983
1517 1.02976
1518 1.03013
1519 1.0254
1520 1.02112
1521 1.00087
1522 1.02088
1523 1.0073
1524 1.02754
1525 1.01951
1526 1.01393
1527 1.03748
1528 1.02715
1529 1.03282
1530 1.00922
1531 1.02397
1532 1.02312
1533 1.01607
1534 1.0244
1535 1.02112
1536 1.02675
1537 1.03218
1538 1.00622
1539 0.996217
1540 1.00922
1541 1.00293
1542 1.03085
1543 1.03454
1544 1.04354
1545 1.0395
1546 1.02381
1547 1.05438
1548 1.03668
1549 1.01987
1550 1.04014
1551 1.03189
1552 1.01832
1553 1.04354
1554 1.02346
1555 1.02401
1556 1.02235
1557 1.03672
1558 1.04149
1559 1.03173
1560 1.02205
1561 1.00935
1562 1.00685
1563 1.02473
1564 1.01786
1565 1.02205
1566 1.0334
1567 1.00897
1568 1.01049
1569 1.02557
1570 1.03218
1571 1.03007
1572 1.02269
1573 1.02951
1574 1.01141
1575 1.03337
1576 1.0164
1577 1.01317
1578 1.01972
1579 1.00958
1580 0.989668
1581 1.02147
1582 0.999561
1583 1.00015
1584 0.985954
1585 1.01202
1586 1.01202
1587 1.02179
1588 1.01087
1589 1.02971
1590 1.03388
1591 1.0466
1592 1.073
1593 1.05009
1594 1.03809
1595 1.06067
1596 1.02153
1597 1.03815
1598 1.00562
1599 1.01011
1600 1.0125
1601 1.01595
1602 1.02147
1603 1.02205
1604 1.00031
1605 1.01213
1606 1.01998
1607 0.992527
1608 1.03149
1609 1.0341
1610 1.01355
1611 1.0205
1612 1.01972
1613 1.02322
1614 1.03017
1615 1.03113
1616 1.00278
1617 1.01106
1618 1.03563
1619 1.03966
1620 1.03708
1621 1.01786
1622 1.01114
1623 1.0278
1624 0.998173
1625 1.00992
1626 1.00736
1627 1.03013
1628 1.01393
1629 1.01087
1630 0.996958
1631 1.01647
1632 0.987892
1633 1.00424
1634 1.00594
1635 1.01049
1636 1.00368
1637 1.00867
1638 1.0034
1639 1.02616
1640 1.0303
1641 1.01933
1642 1.00255
1643 1.01135
1644 1.02118
1645 1.02239
1646 1.03773
1647 1.02793
1648 1.02853
1649 1.04517
1650 1.01798
1651 1.00245
1652 1.01164
1653 1.01585
1654 1.03183
1655 1.03966
1656 1.02675
1657 1.02528
1658 1.01416
1659 1.02205
1660 1.02346
1661 1.01946
1662 1.01245
1663 1.03588
1664 1.03809
1665 1.01933
1666 1.01377
1667 1.02534
1668 1.01933
1669 1.02322
1670 1.03491
1671 1.02636
1672 1.04572
1673 1.02971
1674 1.04415
1675 1.03282
1676 1.02534
1677 1.04007
1678 1.01422
1679 1.04172
1680 1.04443
1681 1.04583
1682 1.06444
1683 1.05114
1684 1.03229
1685 1.05414
1686 1.04752
1687 1.04273
1688 1.02182
1689 1.01817
1690 1.01064
1691 1.03912
1692 1.04529
1693 1.0395
1694 1.02346
1695 1.03658
1696 1.01894
1697 1.03388
1698 1.02346
1699 1.00171
1700 1.01566
1701 1.03229
1702 1.00906
1703 1.00368
1704 1.0174
1705 1.00998
1706 1.01278
1707 1.01578
1708 1.03508
1709 1.01894
1710 1.02574
1711 1.01003
1712 1.02675
1713 1.04354
1714 1.02715
1715 1.02361
1716 1.0309
1717 1.02487
1718 1.03748
1719 1.03229
1720 1.02182
1721 1.00079
1722 1.02306
1723 1.02581
1724 1.03448
1725 1.02205
1726 1.02547
1727 1.02373
1728 1.02088
1729 1.03655
1730 1.00503
1731 1.01147
1732 1.00556
1733 1.02205
1734 1.03422
1735 1.01221
1736 1.04038
1737 1.02538
1738 1.03309
1739 1.02764
1740 1.01925
1741 1.02853
1742 1.0281
1743 1.01508
1744 1.01324
1745 1.00497
1746 1.00143
1747 1.00958
1748 0.991976
1749 1.02019
1750 1.02005
1751 0.996958
1752 1.01186
1753 1.00432
1754 0.981928
1755 1.00396
1756 1.01673
1757 1.02252
1758 1.01003
1759 0.987407
1760 1.01068
1761 1.00124
1762 1.01106
1763 1.01714
1764 1.01032
1765 1.04233
1766 1.00233
1767 1.00227
1768 1.00912
1769 1.01714
1770 1.00336
1771 1.02011
1772 0.997276
1773 1.01278
1774 0.998985
1775 1.02518
1776 1.00368
1777 1.01393
1778 1.02912
1779 1.01555
1780 1.00418
1781 1.01832
1782 1.01566
1783 1.00053
1784 1.02019
1785 1.01773
1786 0.977324
1787 0.997363
1788 1.00424
1789 0.992842
1790 0.999635
1791 0.991582
1792 1.01125
1793 0.998741
1794 1.02001
1795 1.03149
1796 1.01164
1797 1.01624
1798 1.00031
1799 0.997329
1800 0.995723
1801 0.985138
1802 1.00143
1803 1.01186
1804 1.01213
1805 1.01585
1806 1.00644
1807 0.997594
1808 1.0244
1809 1.01624
1810 1.02469
1811 1.01082
1812 1.00079
1813 0.991059
1814 0.989108
1815 0.988956
1816 0.995476
1817 0.996217
1818 1.00278
1819 1.00199
1820 1.00493
1821 1.00227
1822 0.987043
1823 0.990052
1824 1.00255
1825 0.98297
1826 0.98668
1827 1.0132
1828 1.01432
1829 1.01673
1830 1.01192
1831 0.997626
1832 0.987511
1833 0.990765
1834 0.995014
1835 0.991792
1836 0.999188
1837 0.99718
1838 0.98996
1839 1.00385
1840 1.00008
1841 1.00053
1842 1.0205
1843 1.00303
1844 1.00468
1845 1.01432
1846 1.00659
1847 1.01049
1848 1.02734
1849 1.01202
1850 0.996402
1851 0.989699
1852 1.00143
1853 0.979467
1854 1.01972
1855 0.995476
1856 1.00992
1857 0.97349
1858 0.992251
1859 0.989229
1860 1.00143
1861 0.987407
1862 0.9827
1863 0.992251
1864 1.00544
1865 1.01202
1866 0.994737
1867 0.992251
1868 1.00783
1869 1.00225
1870 1.02001
1871 1.01095
1872 1.02636
1873 1.0118
1874 1.00707
1875 1.0039
1876 1.00745
1877 1.01106
1878 0.992527
1879 1.00015
1880 1.00286
1881 1.00632
1882 0.996068
1883 0.983301
1884 0.996068
1885 1.01011
1886 1.00271
1887 0.984867
1888 0.982916
1889 0.968144
1890 0.974481
1891 0.977908
1892 0.974127
1893 0.989699
1894 1.00042
1895 0.9821
1896 0.970347
1897 0.953843
1898 0.971478
1899 0.959478
1900 0.967794
1901 0.979706
1902 0.988135
1903 0.984053
1904 0.971554
1905 1.00958
1906 1.00465
1907 1.02005
1908 1.00537
1909 0.990326
1910 0.991976
1911 0.98668
1912 0.973914
1913 0.96258
1914 0.993263
1915 1.00481
1916 0.981312
1917 0.984053
1918 1.00343
1919 1.00409
1920 1.00143
1921 0.993852
1922 0.9827
1923 0.984324
1924 0.979314
1925 0.989699
1926 1.00293
1927 0.997594
1928 0.98765
1929 0.992968
1930 0.991792
1931 0.997514
1932 0.991059
1933 0.987043
1934 0.988378
1935 0.976713
1936 0.988135
1937 0.983349
1938 0.973914
1939 0.973672
1940 0.984143
1941 1.00143
1942 1.00323
1943 0.991897
1944 0.980901
1945 0.989595
1946 0.999188
1947 0.98198
1948 0.979467
1949 0.995624
1950 0.992803
1951 0.991897
1952 0.980542
1953 0.996958
1954 0.980423
1955 1.00518
1956 0.980758
1957 0.995181
1958 1.00594
1959 0.986576
1960 0.975664
1961 0.997514
1962 0.999188
1963 0.978548
1964 0.991059
1965 0.963618
1966 0.99664
1967 0.985022
1968 0.988573
1969 0.969144
1970 0.948274
1971 0.96341
1972 0.967212
1973 0.943979
1974 0.951448
1975 0.957079
1976 0.953538
1977 0.95992
1978 0.967445
1979 0.959478
1980 0.964138
1981 0.961889
1982 0.976043
1983 0.965586
1984 0.984143
1985 0.978514
1986 0.99718
1987 0.994737
1988 0.962234
1989 0.974127
1990 0.952318
1991 0.98748
1992 0.990052
1993 0.991897
1994 0.9778
1995 0.983782
1996 0.986317
1997 0.998816
1998 1.00821
1999 0.995371
2000 0.999685
2001 0.980184
2002 0.97519
2003 0.971795
2004 0.982545
2005 0.973596
2006 0.976612
2007 0.984324
2008 0.979774
2009 0.971584
2010 0.970649
2011 0.98306
2012 0.971654
2013 0.970423
2014 0.969896
2015 0.96518
2016 0.972763
2017 0.984595
2018 1.00897
2019 1.04294
2020 0.977752
2021 0.977502
2022 0.975723
2023 0.974278
2024 0.986498
2025 0.999188
2026 0.996958
2027 1.00699
2028 0.973368
2029 0.995688
2030 0.993789
2031 1.00368
2032 0.98189
2033 0.987698
2034 0.990326
2035 0.978394
2036 0.988864
2037 0.977019
2038 0.992527
2039 0.992086
2040 0.980542
2041 0.975799
2042 0.980184
2043 0.985301
2044 0.97519
2045 0.958449
2046 0.992251
2047 0.994737
2048 0.987407
2049 0.999188
2050 0.995476
2051 0.984402
2052 0.989108
2053 0.995054
2054 0.983541
2055 0.998816
2056 0.98306
2057 0.996322
2058 0.98668
2059 0.987341
2060 0.991205
2061 0.98996
2062 0.996351
2063 1.00218
2064 0.983782
2065 0.995476
2066 0.975723
2067 0.980542
2068 0.997329
2069 0.986498
2070 0.991897
2071 0.995476
2072 1.00992
2073 0.986226
2074 0.995476
2075 0.998816
2076 0.995947
2077 0.948274
2078 0.980542
2079 0.967714
2080 1.00047
2081 0.996958
2082 0.973066
2083 0.983421
2084 0.982545
2085 0.966747
2086 0.971654
2087 0.963826
2088 0.98234
2089 0.98162
2090 0.996402
2091 0.978241
2092 0.972712
2093 0.985954
2094 0.978609
2095 0.980901
2096 0.96258
2097 0.974223
2098 0.954353
2099 0.956396
2100 0.968424
2101 0.972007
2102 0.976897
2103 0.972158
2104 0.945121
2105 0.959331
2106 0.96727
2107 0.967166
2108 0.965284
2109 0.97095
2110 0.951101
2111 0.963767
2112 0.961803
2113 0.950292
2114 0.969545
2115 0.988682
2116 0.995476
2117 0.974339
2118 0.985954
2119 0.976469
2120 0.97899
2121 0.990765
2122 0.96937
2123 0.978548
2124 0.96727
2125 0.968844
2126 0.98198
2127 0.957861
2128 0.972158
2129 0.952318
2130 0.965911
2131 0.953673
2132 0.966747
2133 0.961199
2134 0.961396
2135 0.958963
2136 0.961027
2137 0.96605
2138 0.956738
2139 0.9611
2140 0.971252
2141 0.977324
2142 0.958277
2143 0.957421
2144 0.940289
2145 0.950581
2146 0.989386
2147 0.977324
2148 0.961544
2149 0.977086
2150 0.982052
2151 0.986265
2152 0.977859
2153 0.982545
2154 0.993079
2155 0.976256
2156 0.985643
2157 0.976256
2158 0.976469
2159 0.994335
2160 0.990326
2161 0.989595
2162 0.980542
2163 0.994461
2164 0.970599
2165 0.995292
2166 0.987463
2167 0.98186
2168 0.985591
2169 0.979825
2170 0.985954
2171 0.971252
2172 0.997276
2173 0.982052
2174 0.986922
2175 0.987043
2176 1.00047
2177 1.00286
2178 1.00293
2179 0.945693
2180 0.977324
2181 0.968424
2182 0.963965
2183 0.974127
2184 0.990013
2185 0.995688
2186 0.981261
2187 0.979467
2188 0.97519
2189 0.985756
2190 0.984324
2191 0.993907
2192 0.980696
2193 0.970317
2194 0.958449
2195 0.954062
2196 0.972359
2197 0.991425
2198 0.999827
2199 1.01278
2200 0.989699
2201 0.987862
2202 1.00935
2203 0.989449
2204 0.976104
2205 0.983565
2206 0.987771
2207 0.984324
2208 1.00745
2209 1.0018
2210 1.10009
2211 1.02518
2212 0.970247
2213 0.951506
2214 0.996068
2215 0.983999
2216 0.99718
2217 0.98162
2218 0.984768
2219 0.998816
2220 0.986548
2221 0.988317
2222 0.989595
2223 0.976666
2224 0.974127
2225 0.995054
2226 0.997565
2227 1.01095
2228 1.03628
2229 1.01451
2230 1.0205
2231 1.03189
2232 1.03388
2233 1.02581
2234 1.05268
2235 1.02264
2236 1.02534
2237 1.00562
2238 1.00676
2239 1.00368
2240 0.984023
2241 0.979706
2242 0.987771
2243 0.977966
2244 0.993999
2245 0.985643
2246 0.979467
2247 0.984987
2248 0.982916
2249 0.963734
2250 0.977324
2251 0.969685
2252 0.98996
2253 0.9827
2254 0.993079
2255 0.989838
2256 1.00031
2257 1.00293
2258 1.01016
2259 0.997948
2260 0.992527
2261 0.985332
2262 0.977935
2263 0.994421
2264 1.00168
2265 1.00031
2266 0.994491
2267 1.00098
2268 0.9827
2269 0.993079
2270 0.998741
2271 0.981081
2272 0.995947
2273 0.986888
2274 1.0205
2275 1.01946
2276 0.98913
2277 0.9977
2278 1.01404
2279 0.998444
2280 1.00271
2281 1.00405
2282 1.00764
2283 1.00432
2284 1.00632
2285 1.00764
2286 0.989386
2287 1.00793
2288 1.00293
2289 0.985229
2290 0.990765
2291 1.00199
2292 0.997626
2293 0.992306
2294 1.01082
2295 1.02322
2296 0.998072
2297 1.00143
2298 1.00707
2299 1.0174
2300 1.01432
2301 1.01278
2302 1
2303 0.984712
2304 0.985591
2305 1.01221
2306 1.00984
2307 1.01885
2308 1.03189
2309 1.02946
2310 1.02616
2311 1.03269
2312 1.02205
2313 1.00659
2314 1.01793
2315 1.01508
2316 1.02479
2317 1.0244
2318 1.02882
2319 1.0018
2320 1.01972
2321 0.995054
2322 0.999468
2323 1.01406
2324 1.01972
2325 1.01462
2326 1.01574
2327 1.02005
2328 1.02019
2329 1.02557
2330 1.01869
2331 1.00594
2332 1.00396
2333 1.01186
2334 1.02715
2335 1.03729
2336 1.00958
2337 1.01483
2338 0.979897
2339 0.98541
2340 0.994368
2341 0.979467
2342 0.96937
2343 0.955885
2344 0.979467
2345 0.952826
2346 0.937083
2347 0.938313
2348 0.957627
2349 0.94493
2350 0.951557
2351 0.949484
2352 0.940619
2353 0.919953
2354 0.939497
2355 0.923281
2356 0.937919
2357 0.946265
2358 0.959135
2359 0.93517
2360 0.954013
2361 0.950629
2362 0.968319
2363 0.9759
2364 0.97349
2365 0.983421
2366 0.977859
2367 0.977324
2368 0.962926
2369 0.978931
2370 0.964659
2371 0.955519
2372 0.946265
2373 0.954863
2374 0.924077
2375 0.947268
2376 0.950494
2377 0.947771
2378 0.922804
2379 0.898666
2380 0.920427
2381 0.904429
2382 0.906264
2383 0.927916
2384 0.923949
2385 0.891135
2386 0.925034
2387 0.910111
2388 0.924714
2389 0.919479
2390 0.924332
2391 0.909185
2392 0.917538
2393 0.934387
2394 0.933411
2395 0.940289
2396 0.926633
2397 0.932437
2398 0.964957
2399 0.981189
2400 0.961544
2401 0.987771
2402 0.970107
2403 0.987407
2404 0.963618
2405 0.959994
2406 0.954863
2407 0.930494
2408 0.924475
2409 0.913368
2410 0.919322
2411 0.919637
2412 0.899028
2413 0.926633
2414 0.924168
2415 0.936592
2416 0.944264
2417 0.919763
2418 0.918376
2419 0.907062
2420 0.934387
2421 0.916743
2422 0.901993
2423 0.915448
2424 0.94908
2425 0.950966
2426 0.935562
2427 0.961692
2428 0.928559
2429 0.964138
2430 0.974339
2431 0.971478
2432 0.985084
2433 0.964659
2434 0.967794
2435 0.971654
2436 0.954353
2437 0.955714
2438 0.934387
2439 0.950292
2440 0.964659
2441 0.948274
2442 0.959684
2443 0.923122
2444 0.923758
2445 0.920901
2446 0.909879
2447 0.914303
2448 0.904734
2449 0.887241
2450 0.905958
2451 0.933996
2452 0.907338
2453 0.924714
2454 0.916492
2455 0.958677
2456 0.949714
2457 0.955578
2458 0.950292
2459 0.940784
2460 0.955714
2461 0.971373
2462 0.985022
2463 0.980184
2464 1.01278
2465 1.02912
2466 1.07851
2467 1.06638
2468 1.03923
2469 1.03436
2470 1.02361
2471 1.01856
2472 1.03269
2473 1.02205
2474 1.02844
2475 1.01349
2476 1.02581
2477 1.0244
2478 1.01003
2479 1.00707
2480 1.00059
2481 1.00878
2482 0.997948
2483 1.01885
2484 0.993355
2485 1.00293
2486 1.0174
2487 1.00897
2488 1.00883
2489 1.02823
2490 1.01566
2491 1.00821
2492 0.994184
2493 1.01192
2494 0.9977
2495 0.986389
2496 1.00935
2497 1.02252
2498 1.00718
2499 1.03309
2500 1.0451
2501 1.05767
2502 1.02991
2503 1.02361
2504 1.04648
2505 1.0312
2506 1.04803
2507 1.04111
2508 1.03197
2509 1.02675
2510 1.02675
2511 1.03209
2512 1.0244
2513 1.00087
2514 1.00691
2515 1.00118
2516 1.00594
2517 1.00651
2518 1.01701
2519 1.00798
2520 1.0278
2521 1.0174
2522 1.02322
2523 1.02205
2524 1.00594
2525 1.0125
2526 1.00756
2527 1.02127
2528 1.03766
2529 1.01301
2530 1.0174
2531 0.995544
2532 0.995107
2533 1.00118
2534 1.0174
2535 1.02557
2536 1.01827
2537 1.01106
2538 1.0244
2539 1.03348
2540 1.01817
2541 1.01798
2542 1.02764
2543 1.01856
2544 1.004
2545 1.00594
2546 1.00745
2547 1.02127
2548 1.02498
2549 1.00293
2550 1.00076
2551 1.00031
2552 1.00651
2553 1.00008
2554 1.00821
2555 1.00695
2556 1.00793
2557 1.00651
2558 1.02059
2559 1.00556
2560 1.03568
2561 1.02608
2562 1.02487
2563 0.996322
2564 1.00854
2565 1.00368
2566 1.01278
2567 1.01662
2568 1.01049
2569 0.995402
2570 1.01682
2571 1.01693
2572 1.00707
2573 1.0174
2574 1.01186
2575 1.01451
2576 1.00783
2577 1.00776
2578 1.00218
2579 1.01508
2580 1.00396
2581 1.01585
2582 1.01547
2583 1.00691
2584 1.00493
2585 1.00233
2586 0.999188
2587 0.988135
2588 0.991792
2589 1.00143
2590 0.993631
2591 1.01072
2592 0.987316
2593 0.994294
2594 0.980005
2595 0.969896
2596 0.985643
2597 1.00424
2598 0.995846
2599 1.00465
2600 1.00651
2601 1.01998
2602 1.01856
2603 0.997793
2604 0.989229
2605 1.02139
2606 1.00776
2607 0.983388
2608 0.974835
2609 0.985229
2610 1.00031
2611 0.997403
2612 0.987698
2613 1.00293
2614 0.990954
2615 0.987589
2616 1.00255
2617 0.997329
2618 1.00821
2619 0.971856
2620 1.00008
2621 1.00854
2622 0.996402
2623 0.999827
2624 1.01763
2625 1.01905
2626 1.01972
2627 1.04626
2628 1.03748
2629 1.04721
2630 1.03835
2631 1.01585
2632 1.01192
2633 0.998909
2634 1.00015
2635 0.999934
2636 0.998444
2637 0.996464
2638 1.00031
2639 0.990326
2640 0.996005
2641 0.977324
2642 0.965255
2643 0.980184
2644 0.970247
2645 0.989595
2646 0.985229
2647 0.98162
2648 0.978548
2649 0.98913
2650 0.972007
2651 0.994368
2652 0.985954
2653 0.965553
2654 0.980758
2655 0.981081
2656 0.994105
2657 1.00632
2658 0.995181
2659 0.988956
2660 0.980901
2661 0.997453
2662 0.983349
2663 0.977057
2664 0.989595
2665 0.99514
2666 0.982237
2667 0.973596
2668 0.987771
2669 1.00203
2670 1.0174
2671 1.01068
2672 0.98306
2673 0.977324
2674 0.971742
2675 0.978037
2676 0.969194
2677 0.984987
2678 0.991976
2679 1.00031
2680 0.997626
2681 1.00764
2682 0.981404
2683 0.996005
2684 0.980184
2685 0.992968
2686 1.00368
2687 1.02861
2688 1.00821
2689 1.00053
2690 0.961337
2691 0.959994
2692 0.968611
2693 0.942272
2694 0.964018
2695 0.962839
2696 0.950966
2697 0.959994
2698 0.982052
2699 0.968494
2700 0.953334
2701 0.976256
2702 0.97349
2703 0.966224
2704 1.00707
2705 1.05731
2706 1.04354
2707 1.03773
2708 0.993852
2709 0.991792
2710 0.990814
2711 0.982949
2712 0.989229
2713 0.989595
2714 0.993473
2715 0.984433
2716 0.977324
2717 0.991205
2718 0.969685
2719 0.97899
2720 0.98306
2721 0.960854
2722 0.980005
2723 0.968844
2724 0.985643
2725 0.985643
2726 0.972763
2727 0.993079
2728 0.985954
2729 0.980901
2730 0.974658
2731 0.994737
2732 0.979199
2733 0.9827
2734 0.993079
2735 1.02715
2736 1.05449
2737 1.02322
2738 0.963099
2739 0.979161
2740 0.972359
2741 0.950966
2742 0.931788
2743 0.936837
2744 0.971742
2745 0.948274
2746 0.957079
2747 0.95377
2748 0.938313
2749 0.960166
2750 0.948274
2751 0.957764
2752 1.00562
2753 1.03676
2754 1.04146
2755 1.01972
2756 1.00233
2757 0.973066
2758 0.992727
2759 0.979467
2760 0.973537
2761 0.98162
2762 0.994461
2763 0.987936
2764 0.987698
2765 0.971654
2766 0.98748
2767 0.98668
2768 0.988808
2769 0.994335
2770 0.999188
2771 0.983301
2772 0.977713
2773 0.967318
2774 0.974481
2775 0.982854
2776 0.998909
2777 0.988956
2778 1.00854
2779 0.987511
2780 0.991792
2781 0.987698
2782 0.996958
2783 0.985954
2784 0.976935
2785 1.01364
2786 0.979825
2787 0.963826
2788 0.983782
2789 0.999934
2790 1.01049
2791 1.00168
2792 1.00707
2793 0.9977
2794 0.996217
2795 1.00031
2796 1.00047
2797 1.01547
2798 0.999934
2799 1.01547
2800 1.00188
2801 1.00111
2802 0.989728
2803 0.989073
2804 1.00537
2805 1.0018
2806 0.990875
2807 0.989503
2808 0.993508
2809 0.980901
2810 0.974481
2811 0.977324
2812 0.986732
2813 0.993789
2814 0.980901
2815 0.974481
2816 0.989108
2817 0.9885
2818 0.996068
2819 0.986576
2820 0.980662
2821 0.983241
2822 1.0072
2823 0.986196
2824 0.985954
2825 0.976968
2826 0.979199
2827 1.00207
2828 0.984505
2829 0.986265
2830 0.98162
2831 0.96727
2832 0.987823
2833 0.987043
2834 0.989699
2835 0.998072
2836 0.995014
2837 0.985954
2838 0.998231
2839 0.999561
2840 1.00424
2841 0.987043
2842 0.989595
2843 0.993999
2844 0.996217
2845 1.00031
2846 1.00031
2847 1.0156
2848 1.00243
2849 1.00239
2850 1.00424
2851 0.998444
2852 1.00343
2853 1.00973
2854 1.01393
2855 1.00286
2856 0.997849
2857 0.985954
2858 0.999685
2859 0.999188
2860 0.987511
2861 0.978931
2862 1.00031
2863 1.00867
2864 0.995014
2865 0.994737
2866 1.01972
2867 1.00935
2868 1.00973
2869 1.02293
2870 1.0174
2871 1.00948
2872 0.9827
2873 1.00008
2874 0.983782
2875 1.00594
2876 0.983241
2877 1.00639
2878 0.983301
2879 0.986389
2880 0.991792
2881 0.992212
2882 0.990326
2883 0.991425
2884 0.995292
2885 0.999798
2886 1.00368
2887 0.996149
2888 0.97519
2889 1.01585
2890 1.01164
2891 0.986389
2892 0.993789
2893 1.0033
2894 0.991268
2895 1.01278
2896 1.00105
2897 1.00783
2898 0.984216
2899 1.00143
2900 0.998351
2901 1.01682
2902 1.00919
2903 1.00303
2904 1.00783
2905 1.00368
2906 0.997514
2907 1.01422
2908 0.991582
2909 1.01719
2910 1.03598
2911 1.04273
2912 1.07958
2913 1.05141
2914 0.995292
2915 0.97095
2916 0.974339
2917 0.974764
2918 0.979467
2919 0.982237
2920 0.990925
2921 0.995846
2922 0.974924
2923 0.978037
2924 0.976968
2925 0.998909
2926 1.00368
2927 0.999667
2928 1.03388
2929 1.05964
2930 1.0609
2931 1.02938
2932 1.02026
2933 1.00549
2934 1.00859
2935 1.01711
2936 1.01528
2937 1.00283
2938 1.00549
2939 1.00115
2940 0.996958
2941 1.01049
2942 1.00015
2943 1.00223
2944 1.00312
2945 1.02525
2946 1.02361
2947 1.01344
2948 1.00615
2949 1.01186
2950 1.00821
2951 1.0289
2952 1.00115
2953 1.00897
2954 1.00312
2955 1.00031
2956 1.00821
2957 0.997236
2958 0.999934
2959 1.00518
2960 1.00529
2961 1.01607
2962 1.02065
2963 1.01049
2964 1.01905
2965 1.01585
2966 1.00171
2967 1.01087
2968 1.01653
2969 1.00691
2970 0.987953
2971 1.01856
2972 1.01447
2973 1.00707
2974 1.02587
2975 1.00293
2976 1.00786
2977 0.995688
2978 1.0174
2979 0.997594
2980 0.996958
2981 1.00854
2982 1.01257
2983 1.02172
2984 1.03748
2985 1.02349
2986 1.0174
2987 1.01532
2988 1.00409
2989 1.01202
2990 1.00963
2991 1.01475
2992 1.01946
2993 0.999188
2994 1.01711
2995 1.01566
2996 0.994368
2997 0.989503
2998 1.0018
2999 1.00776
3000 1.00897
3001 0.997849
3002 1.01537
3003 1.00707
3004 0.995624
3005 0.987043
3006 0.975518
3007 1.02088
3008 1.01011
3009 1.00615
3010 1.02998
3011 1.00323
3012 1.01324
3013 1.01914
3014 1.011
3015 1.02699
3016 1.03448
3017 0.997514
3018 1.00644
3019 1.01278
3020 1.01972
3021 1.01451
3022 0.998072
3023 0.994737
3024 1.00691
3025 0.995476
3026 1.01682
3027 1.00491
3028 1.0203
3029 1.01711
3030 1.00493
3031 1.01508
3032 1.01943
3033 1.02675
3034 1.01773
3035 1.02065
3036 1.01049
3037 1.0277
3038 1.02528
3039 1.02038
3040 1.02127
3041 1.0174
3042 1.02487
3043 1.02088
3044 1.02024
3045 1.03229
3046 1.02784
3047 1.01355
3048 1.00436
3049 1.01344
3050 1.00556
3051 1.01508
3052 1.02783
3053 1.01872
3054 1.02184
3055 1.01607
3056 1.00465
3057 1.04704
3058 1.02864
3059 1.02853
3060 1.02322
3061 1.05184
3062 1.02912
3063 1.0303
3064 1.03007
3065 1.01894
3066 1.01673
3067 0.996513
3068 1.01894
3069 1.02806
3070 1.01508
3071 1.02597
3072 1.03229
3073 1.01914
3074 1.01377
3075 1.0307
3076 1.01798
3077 0.997849
3078 1.02042
3079 1.01125
3080 1.01566
3081 1.02699
3082 1.0244
3083 1.0254
3084 1.00063
3085 1.02574
3086 1.03258
3087 1.02487
3088 1.02597
3089 1.01693
3090 1.03748
3091 1.01933
3092 1.03508
3093 1.04899
3094 1.02257
3095 1.03869
3096 1.03588
3097 1.05091
3098 1.03229
3099 1.04202
3100 1.01972
3101 1.02628
3102 1.03688
3103 1.02205
3104 1.03149
3105 1.04233
3106 1.02299
3107 1.01555
3108 1.01164
3109 1.02473
3110 1.01416
3111 1.0205
3112 1.00594
3113 1.00783
3114 1.00031
3115 1.01049
3116 1.00821
3117 1.03269
3118 1.02275
3119 1.02065
3120 1.02205
3121 1.01475
3122 1.01624
3123 1.01278
3124 1.02381
3125 1.03966
3126 1.03708
3127 1.03508
3128 1.02507
3129 1.03519
3130 1.03468
3131 1.01432
3132 1.01647
3133 1.03731
3134 1.03917
3135 1.04133
3136 1.03286
3137 1.02872
3138 1.0174
3139 1.0403
3140 1.02746
3141 1.02705
3142 1.02776
3143 1.02065
3144 1.04746
3145 1.02976
3146 1.03097
3147 1.00753
3148 1.02743
3149 1.02646
3150 1.02088
3151 1.02616
3152 1.01946
3153 1.0306
3154 1.02322
3155 1.0307
3156 1.0399
3157 1.02833
3158 1.0244
3159 1.04795
3160 1.03662
3161 1.03229
3162 1.0203
3163 1.03388
3164 1.02528
3165 1.04111
3166 1.01817
3167 1.00935
3168 1.00218
3169 1.00432
3170 0.997793
3171 0.997403
3172 1.00312
3173 0.986317
3174 0.995014
3175 1.00255
3176 1.01555
3177 0.996958
3178 0.998909
3179 1.02342
3180 0.996322
3181 0.997329
3182 1.00821
3183 1.00537
3184 1.02264
3185 0.989595
3186 1.01049
3187 1.00821
3188 1.00935
3189 1.03484
3190 1.01508
3191 1.00068
3192 1.01229
3193 1.00651
3194 0.990052
3195 1.00734
3196 1.00255
3197 1.01278
3198 1.02205
3199 1.00562
3200 1.01949
3201 1.00493
3202 1.01817
3203 1.0203
3204 1.02322
3205 1.01972
3206 1.00481
3207 0.995723
3208 1.01393
3209 1.00171
3210 1.01707
3211 1.00031
3212 1.01592
3213 0.996005
3214 1.00883
3215 1.00594
3216 0.997403
3217 0.991792
3218 1.00368
3219 1.01682
3220 1.00518
3221 0.998295
3222 1.00218
3223 0.986265
3224 1.00368
3225 1.00368
3226 0.975723
3227 0.994737
3228 0.996958
3229 1.004
3230 1.00497
3231 1.03917
3232 1.01049
3233 1.01393
3234 1.03913
3235 1.02951
3236 1.03428
3237 1.0334
3238 1.02479
3239 1.01624
3240 1.0244
3241 1.01232
3242 1.00283
3243 1.00503
3244 1.01993
3245 1.02024
3246 1.02252
3247 1.01607
3248 1.01637
3249 1.0244
3250 0.986389
3251 0.973331
3252 0.997948
3253 0.996711
3254 1.00821
3255 1.00776
3256 1.00068
3257 0.988791
3258 0.990326
3259 0.989777
3260 1.00368
3261 0.998816
3262 0.993631
3263 1.00556
3264 0.989229
3265 0.993631
3266 0.977324
3267 0.993079
3268 0.98162
3269 0.9885
3270 0.989503
3271 1.00303
3272 0.988135
3273 0.988135
3274 0.995371
3275 0.983782
3276 0.984505
3277 0.996541
3278 0.999934
3279 0.996217
3280 1.00458
3281 0.98901
3282 0.992968
3283 1.00393
3284 1.00318
3285 0.998869
3286 1.01544
3287 1.00745
3288 1.00793
3289 1.00821
3290 1.00079
3291 1.00126
3292 0.990082
3293 1.01443
3294 1.00068
3295 1.00745
3296 0.999437
3297 1.01541
3298 0.989503
3299 0.967794
3300 0.980184
3301 0.980081
3302 0.98876
3303 0.989482
3304 0.989595
3305 0.99064
3306 0.991976
3307 0.978854
3308 0.967911
3309 0.970423
3310 0.978609
3311 0.975799
3312 0.969265
3313 0.983782
3314 0.973066
3315 0.984092
3316 0.978854
3317 0.976968
3318 0.997594
3319 0.990875
3320 0.993263
3321 0.993263
3322 0.988573
3323 0.978514
3324 0.986389
3325 0.967009
3326 0.987043
3327 0.970599
3328 0.968844
3329 0.965354
3330 0.971795
3331 0.977324
3332 0.970107
3333 0.983349
3334 0.96051
3335 0.976897
3336 0.957079
3337 0.976043
3338 0.968844
3339 0.964659
3340 0.990601
3341 0.984505
3342 0.98864
3343 0.979038
3344 0.983541
3345 0.9977
3346 1.00503
3347 1.00537
3348 0.999635
3349 0.994737
3350 1.00312
3351 0.987316
3352 0.994737
3353 1.0067
3354 1.01324
3355 1.00396
3356 1.00935
3357 0.998782
3358 0.973278
3359 0.990692
3360 0.996958
3361 0.987511
3362 0.978931
3363 0.961751
3364 0.973861
3365 0.973419
3366 0.961889
3367 0.978752
3368 0.981228
3369 0.985954
3370 0.989595
3371 0.98282
3372 0.983449
3373 0.994939
3374 0.98162
3375 0.980758
3376 0.967445
3377 0.973368
3378 0.982916
3379 0.971654
3380 0.97519
3381 0.977562
3382 0.990765
3383 0.990726
3384 0.964659
3385 0.973066
3386 0.98216
3387 0.97519
3388 0.980273
3389 0.96727
3390 0.979467
3391 0.986862
3392 0.983349
3393 0.999188
3394 0.980901
3395 0.987407
3396 0.988864
3397 0.985229
3398 0.997849
3399 0.984867
3400 0.974245
3401 0.968319
3402 0.956396
3403 0.962284
3404 0.964138
3405 0.958449
3406 0.975545
3407 0.996217
3408 0.980389
3409 0.987493
3410 0.986317
3411 0.961544
3412 0.969779
3413 0.966747
3414 0.95822
3415 0.975799
3416 0.967678
3417 0.968844
3418 0.972158
3419 0.961889
3420 0.984143
3421 0.94738
3422 0.948475
3423 0.961027
3424 0.961659
3425 0.970481
3426 0.98234
3427 0.968844
3428 0.961396
3429 0.94752
3430 0.96258
3431 0.947268
3432 0.956396
3433 0.948274
3434 0.96605
3435 0.959994
3436 0.974339
3437 0.975545
3438 0.973537
3439 0.970046
3440 0.963618
3441 0.956396
3442 0.96727
3443 0.976104
3444 0.97095
3445 0.979774
3446 1.00481
3447 0.993017
3448 0.995181
3449 1.0067
3450 1.00566
3451 1.00651
3452 1.01832
3453 1.07365
3454 1.02205
3455 1.13073
3456 1
