0 1
1 1
2 1
3 1
4 1
5 1
6 1
7 1
8 1
9 1
10 1
11 1
12 1
13 1
14 1
15 1
16 1
17 1.05588
18 1
19 1
20 1
21 1
22 1
23 1
24 1
25 1.04354
26 1.11381
27 1.05588
28 1.10554
29 1.25813
30 1.10828
31 1.1336
32 1.10554
33 1.13938
34 1.16921
35 1.25108
36 1.18471
37 1.18945
38 1.24066
39 1.12787
40 1.17846
41 1.14522
42 1.13938
43 1.15709
44 1.17846
45 1.13073
46 1.23041
47 1.16768
48 1.19422
49 1.11939
50 1.21699
51 1.19422
52 1.18158
53 1.24411
54 1.0244
55 1.13648
56 1.06851
57 1.14229
58 1.07623
59 1.06342
60 1.08671
61 1.1601
62 1.0609
63 1.09739
64 1.04844
65 1.11104
66 1.1541
67 1.15113
68 1.1551
69 1.18786
70 1.18158
71 1.12362
72 1.19742
73 1.15709
74 1.12645
75 1.13793
76 1.08671
77 1.15113
78 1.1336
79 1.11104
80 1.08847
81 1.06851
82 1.08145
83 1.08671
84 1.11381
85 1.09739
86 1.07365
87 1.11104
88 1.09002
89 1.09874
90 1.11381
91 1.06342
92 1.06596
93 1.10009
94 1.00821
95 1.07883
96 1.08407
97 1.12362
98 1.06979
99 1.09202
100 1.03789
101 1.08276
102 1.07236
103 1.0565
104 1.0947
105 1.0609
106 1.08145
107 1.08803
108 1.1222
109 1.07279
110 1.09336
111 1.08145
112 1.07107
113 1.06723
114 1.07236
115 1.08145
116 1.06469
117 1.04477
118 1.01508
119 1.02833
120 1.0609
121 1.07107
122 1.05505
123 1.10145
124 1.02597
125 1.02793
126 1.04111
127 1.06596
128 1.07559
129 1.07365
130 1.04599
131 1.0137
132 1.04111
133 1.03789
134 1.03869
135 1.03229
136 1.01451
137 1.03809
138 1.04111
139 1.06342
140 1.0455
141 1.02675
142 1.05174
143 1.03869
144 1.07623
145 1.0399
146 1.07883
147 1.0067
148 1.06469
149 1.04517
150 1.0303
151 1.03789
152 1.02754
153 0.999747
154 1.04354
155 1.03869
156 1.06342
157 1.04354
158 1.04111
159 1.03628
160 1.04681
161 1.08276
162 1.05339
163 1.04968
164 1.04844
165 1.00368
166 1.05838
167 1.0174
168 1.08495
169 1.03909
170 1.0609
171 1.04111
172 1.04906
173 1.07883
174 1.04436
175 1.05091
176 1.05339
177 1.01202
178 1.03054
179 1.02065
180 1.01508
181 1.01049
182 1.00854
183 1.01566
184 1.02675
185 1.00821
186 1.02971
187 1.01317
188 1.00413
189 1.01049
190 1.01662
191 1.01972
192 1.02088
193 1.00518
194 1.0174
195 1.00594
196 0.993631
197 1.02675
198 0.999188
199 0.993631
200 1.00047
201 0.986825
202 0.997849
203 0.990875
204 1.00594
205 0.979467
206 1.01317
207 1.0174
208 1.00443
209 1.04111
210 1.0067
211 1.03269
212 1.04681
213 1.05713
214 1.01972
215 1.03388
216 1.03508
217 1.03484
218 1.01856
219 1.04844
220 1.01278
221 1.03388
222 1.0205
223 1.01278
224 1.02518
225 1.0174
226 1.00935
227 1.03966
228 1.01972
229 1.0205
230 1.02205
231 1.00594
232 0.992527
233 1.00651
234 0.993263
235 1.01311
236 0.98901
237 0.979467
238 1.00143
239 0.973596
240 0.986317
241 0.991976
242 0.995476
243 1.00031
244 1.00973
245 1.01164
246 1.00537
247 0.995476
248 0.985954
249 1.00537
250 0.993631
251 1.00143
252 0.995846
253 0.978394
254 0.988572
255 0.996958
256 1.00443
257 1.00594
258 1.00293
259 0.974717
260 0.975723
261 0.978752
262 0.980004
263 0.967445
264 0.983782
265 0.98306
266 0.985954
267 0.963767
268 0.954353
269 0.965702
270 0.960923
271 0.985519
272 0.972359
273 0.972007
274 0.968544
275 0.98216
276 0.958963
277 0.993999
278 0.982484
279 0.985954
280 0.999188
281 0.985643
282 1.00691
283 0.991059
284 1.00854
285 0.999188
286 0.994184
287 0.984867
288 1.0067
289 0.993157
290 0.980812
291 0.969896
292 0.975829
293 0.962876
294 0.964659
295 0.963965
296 0.980273
297 0.988135
298 1.00594
299 1.0303
300 1.00079
301 1.04501
302 1.02728
303 1.01682
304 1.00764
305 0.99863
306 0.99863
307 0.970423
308 0.968581
309 0.9759
310 0.958449
311 0.964659
312 0.964138
313 0.987823
314 0.962119
315 0.983349
316 0.973861
317 0.966747
318 0.990052
319 0.984216
320 1.0174
321 1.00003
322 0.990326
323 0.980901
324 0.97095
325 0.956806
326 0.968056
327 0.957421
328 0.96518
329 0.940784
330 0.94861
331 0.963099
332 0.941421
333 0.955714
334 0.976612
335 0.965255
336 0.958037
337 0.966747
338 0.957421
339 0.9759
340 0.959994
341 0.972218
342 0.973065
343 0.995476
344 0.989229
345 0.986792
346 0.97519
347 0.974339
348 0.996124
349 0.990326
350 0.992086
351 0.98258
352 0.98541
353 0.975494
354 0.969896
355 0.992086
356 0.972007
357 0.969896
358 0.966747
359 0.978037
360 0.957764
361 0.989595
362 0.971856
363 0.986887
364 0.97461
365 0.978548
366 0.983241
367 0.974658
368 0.959736
369 0.973419
370 0.961199
371 0.971554
372 0.95992
373 0.944043
374 0.948274
375 0.945901
376 0.974481
377 0.968319
378 0.953538
379 0.935785
380 0.952724
381 0.957421
382 0.964242
383 0.961026
384 0.971795
385 0.969896
386 0.970649
387 0.977681
388 0.970247
389 0.965006
390 0.975663
391 0.965851
392 0.967166
393 0.97095
394 0.977324
395 0.973419
396 0.963445
397 0.987589
398 0.976256
399 0.973555
400 0.981004
401 0.98126
402 0.991425
403 0.974481
404 0.980327
405 0.990601
406 0.987043
407 0.968844
408 0.977324
409 0.993731
410 0.989229
411 0.991059
412 0.995688
413 0.990326
414 0.980542
415 0.992159
416 0.983301
417 0.962391
418 0.955714
419 0.986861
420 0.965076
421 0.959364
422 0.977324
423 0.965943
424 0.961751
425 0.977324
426 0.96341
427 0.978241
428 0.977324
429 0.975616
430 0.963173
431 0.9827
432 0.964659
433 0.966224
434 0.978807
435 0.972595
436 0.965851
437 0.971478
438 0.975494
439 0.980758
440 0.966398
441 0.964138
442 0.97679
443 0.959478
444 0.973278
445 0.984867
446 0.958743
447 0.988408
448 0.978037
449 0.97519
450 0.967794
451 0.973419
452 0.963335
453 0.960051
454 0.958906
455 0.960854
456 0.957935
457 0.965553
458 0.968144
459 0.968244
460 0.970247
461 0.96113
462 0.960166
463 0.974924
464 0.970247
465 0.983999
466 0.983782
467 0.978752
468 0.980758
469 0.977799
470 0.970598
471 0.968581
472 0.970247
473 0.97519
474 0.966367
475 0.980696
476 0.979774
477 0.969653
478 0.976713
479 0.971718
480 0.967008
481 0.979467
482 0.970046
483 0.959478
484 0.958075
485 0.954806
486 0.959625
487 0.958449
488 0.959478
489 0.976103
490 0.957011
491 0.96051
492 0.976408
493 0.958963
494 0.972007
495 0.968844
496 0.984143
497 0.96808
498 0.970528
499 0.949373
500 0.963618
501 0.952769
502 0.950292
503 0.956104
504 0.957627
505 0.948274
506 0.950292
507 0.955578
508 0.941967
509 0.965586
510 0.951912
511 0.958075
512 0.952318
513 0.960033
514 0.954353
515 0.959822
516 0.957037
517 0.970598
518 0.978931
519 0.964398
520 0.966149
521 0.955714
522 0.967552
523 0.956601
524 0.960051
525 0.958155
526 0.959331
527 0.96727
528 0.965702
529 0.957723
530 0.972007
531 0.974552
532 0.973672
533 0.972739
534 0.977324
535 0.96605
536 0.95822
537 0.969609
538 0.980542
539 0.984092
540 0.980184
541 0.961803
542 0.973702
543 0.949394
544 0.97243
545 0.973301
546 0.967678
547 0.957027
548 0.961429
549 0.968424
550 0.974223
551 0.967166
552 0.953673
553 0.96258
554 0.97713
555 0.970347
556 0.970046
557 0.966886
558 0.965493
559 0.967318
560 0.975456
561 0.974658
562 0.964659
563 0.964398
564 0.961638
565 0.963698
566 0.959822
567 0.967445
568 0.965354
569 0.965851
570 0.967212
571 0.967026
572 0.96051
573 0.974977
574 0.962372
575 0.965851
576 0.979199
577 0.969329
578 0.961692
579 0.978752
580 0.975751
581 0.974886
582 0.970107
583 0.973882
584 0.962061
585 0.956169
586 0.971718
587 0.959625
588 0.96727
589 0.969054
590 0.974197
591 0.960768
592 0.974803
593 0.97679
594 0.968544
595 0.970625
596 0.980696
597 0.971856
598 0.971185
599 0.95992
600 0.965943
601 0.967445
602 0.965441
603 0.969107
604 0.976256
605 0.967495
606 0.966747
607 0.957307
608 0.969779
609 0.964398
610 0.964848
611 0.956955
612 0.959994
613 0.963524
614 0.972739
615 0.964659
616 0.960166
617 0.966747
618 0.97095
619 0.957011
620 0.972309
621 0.961692
622 0.968844
623 0.966896
624 0.971718
625 0.963041
626 0.969417
627 0.974127
628 0.959478
629 0.973773
630 0.974924
631 0.972359
632 0.973882
633 0.967794
634 0.972158
635 0.97095
636 0.950292
637 0.965404
638 0.950741
639 0.947939
640 0.949859
641 0.956396
642 0.945464
643 0.961716
644 0.968244
645 0.973301
646 0.970107
647 0.984264
648 0.977057
649 0.978241
650 0.982854
651 0.983241
652 0.976547
653 0.978127
654 0.984053
655 0.97519
656 0.976043
657 0.975566
658 0.98162
659 0.98901
660 0.987589
661 0.985682
662 0.990326
663 0.989668
664 0.988135
665 0.983949
666 0.98288
667 0.99353
668 0.983979
669 0.984053
670 0.995476
671 1.003
672 0.99718
673 0.973331
674 0.972801
675 0.970649
676 0.97461
677 0.976547
678 0.979682
679 0.981404
680 0.976078
681 0.965702
682 0.976256
683 0.9759
684 0.989329
685 0.97916
686 0.979007
687 0.998443
688 0.995153
689 0.986171
690 0.992527
691 0.998196
692 1.00171
693 0.993473
694 0.991242
695 1.01221
696 0.995529
697 0.982916
698 0.98186
699 0.978466
700 0.970291
701 0.972536
702 0.98004
703 0.971742
704 0.973837
705 0.965702
706 0.979682
707 0.974009
708 0.98162
709 0.98642
710 0.975989
711 0.994737
712 0.976353
713 0.97319
714 0.971763
715 0.977324
716 0.973596
717 0.981081
718 0.964659
719 0.967609
720 0.97713
721 0.97987
722 0.972359
723 0.98258
724 0.974245
725 0.981288
726 0.984695
727 0.9818
728 0.983782
729 0.976831
730 0.98306
731 0.977324
732 0.976502
733 0.970247
734 0.985558
735 0.970375
736 0.983782
737 0.977681
738 0.978127
739 0.972576
740 0.976713
741 0.966616
742 0.970463
743 0.967699
744 0.975723
745 0.985558
746 0.991792
747 0.985736
748 0.976896
749 0.9759
750 0.995745
751 0.979963
752 0.99018
753 0.987511
754 0.99102
755 0.984402
756 0.9734
757 0.991425
758 1.01355
759 1.02322
760 1.00821
761 0.988447
762 0.991792
763 0.986082
764 0.995624
765 0.995291
766 0.98748
767 0.988682
768 0.994226
769 0.988135
770 0.991866
771 0.990925
772 0.992803
773 0.993473
774 1.00008
775 1.00922
776 0.984053
777 0.975989
778 0.976353
779 0.981454
780 0.988354
781 0.978275
782 0.993557
783 0.977966
784 1.00102
785 1.0132
786 1.01254
787 1.03081
788 1.00753
789 1.01722
790 1.01164
791 0.996103
792 1.00594
793 0.977713
794 0.981332
795 0.991849
796 0.986456
797 0.991059
798 1.01492
799 0.993129
800 1.00503
801 1.00095
802 1.01049
803 1.00529
804 1.00685
805 1.00651
806 1.01555
807 1.00297
808 1.00629
809 0.990326
810 0.999016
811 1.00458
812 1.00233
813 1.00162
814 1.00707
815 1.01155
816 1.01757
817 1.00759
818 1.0137
819 1.02283
820 1.01707
821 1.02062
822 1.01164
823 1.01393
824 1.01894
825 1.00927
826 0.997403
827 1.0076
828 1.00079
829 1.00562
830 0.99849
831 1.00727
832 1.00707
833 1.02675
834 1.01723
835 1.01601
836 1.01016
837 1.02766
838 1.02776
839 1.02065
840 1.01213
841 1.01894
842 1.00798
843 1.0199
844 1.00797
845 1.00493
846 1.00429
847 1.01208
848 1.01355
849 1.00992
850 1.00697
851 1.01425
852 1.00545
853 1.01899
854 1.01439
855 1.01781
856 1.02761
857 1.04091
858 1.04273
859 1.04045
860 1.03269
861 1.03613
862 1.0306
863 1.01905
864 1.01894
865 1.01186
866 1.01566
867 1.02882
868 1.02377
869 1.02912
870 1.02793
871 1.0241
872 1.03269
873 1.03388
874 1.035
875 1.0203
876 1.03953
877 1.03572
878 1.04332
879 1.04111
880 1.01662
881 1.02748
882 1.01914
883 1.02584
884 1.02133
885 1.02734
886 1.01591
887 1.01801
888 1.0244
889 1.02498
890 1.04098
891 1.03628
892 1.03909
893 1.03672
894 1.03803
895 1.03223
896 1.02306
897 1.03013
898 1.01327
899 1.02951
900 1.0277
901 1.02675
902 1.02163
903 1.02837
904 1.03245
905 1.03388
906 1.01297
907 1.02393
908 1.02844
909 1.01904
910 1.01341
911 1.01769
912 1.03128
913 1.03351
914 1.03204
915 1.03839
916 1.03628
917 1.04246
918 1.04172
919 1.03672
920 1.04294
921 1.04735
922 1.06181
923 1.0563
924 1.04452
925 1.04111
926 1.04809
927 1.04729
928 1.0609
929 1.05226
930 1.04992
931 1.03889
932 1.03364
933 1.05483
934 1.05143
935 1.0513
936 1.04388
937 1.04392
938 1.04992
939 1.03473
940 1.03977
941 1.02675
942 1.03525
943 1.02971
944 1.03813
945 1.03063
946 1.03177
947 1.02833
948 1.0274
949 1.03016
950 1.03081
951 1.02983
952 1.03132
953 1.04233
954 1.03813
955 1.03516
956 1.0348
957 1.02804
958 1.03521
959 1.03613
960 1.02912
961 1.02597
962 1.03739
963 1.03773
964 1.03301
965 1.02954
966 1.03364
967 1.04529
968 1.05116
969 1.04314
970 1.03809
971 1.04038
972 1.03478
973 1.03628
974 1.02473
975 1.04208
976 1.03177
977 1.04392
978 1.04614
979 1.04564
980 1.02142
981 1.02574
982 1.03149
983 1.03977
984 1.02976
985 1.04779
986 1.0322
987 1.03499
988 1.02035
989 1.02065
990 1.01216
991 1.02414
992 1.01441
993 1.02912
994 1.03869
995 1.04067
996 1.04691
997 1.0541
998 1.05799
999 1.05555
1000 1.03869
1001 1.03269
1002 1.0307
1003 1.02225
1004 1.02793
1005 1.02239
1006 1.02941
1007 1.03495
1008 1.02239
1009 1.01668
1010 1.02587
1011 1.03301
1012 1.04111
1013 1.03979
1014 1.04111
1015 1.04599
1016 1.04149
1017 1.05014
1018 1.05838
1019 1.05838
1020 1.06384
1021 1.0538
1022 1.06021
1023 1.04844
1024 1.04152
1025 1.04385
1026 1.04522
1027 1.03563
1028 1.04465
1029 1.02601
1030 1.03981
1031 1.03364
1032 1.03269
1033 1.03525
1034 1.03149
1035 1.03204
1036 1.02557
1037 1.03809
1038 1.02322
1039 1.02861
1040 1.03176
1041 1.02695
1042 1.02252
1043 1.02112
1044 1.01856
1045 1.01525
1046 1.01259
1047 1.0033
1048 1.00583
1049 1.01996
1050 1.02823
1051 1.01464
1052 1.02498
1053 1.01422
1054 1.00594
1055 1.00992
1056 0.998376
1057 0.991897
1058 0.993508
1059 0.986152
1060 0.994105
1061 0.994346
1062 0.990326
1063 1.00352
1064 0.996149
1065 1.00935
1066 0.99722
1067 0.993999
1068 0.997565
1069 1.00083
1070 0.999532
1071 1.00594
1072 1.00159
1073 1.00356
1074 1.01647
1075 0.998844
1076 0.990326
1077 0.998183
1078 1.00241
1079 0.997932
1080 1.00455
1081 0.995128
1082 1.008
1083 1
1084 1.00031
1085 1.00338
1086 1.00059
1087 0.993376
1088 0.99894
1089 0.98668
1090 0.994421
1091 0.990875
1092 0.988135
1093 0.989716
1094 0.994922
1095 0.992306
1096 0.996402
1097 0.999016
1098 1.00594
1099 0.993631
1100 0.992821
1101 0.981847
1102 0.990448
1103 0.990052
1104 1.00188
1105 1.00199
1106 1.00659
1107 1.00049
1108 0.991341
1109 0.988791
1110 0.998072
1111 0.989651
1112 0.992527
1113 1.00878
1114 1.00405
1115 1.00076
1116 1.00171
1117 1.00518
1118 1.00303
1119 1.00966
1120 0.990326
1121 1.01422
1122 0.999659
1123 1.00549
1124 0.993115
1125 1.00244
1126 1.00229
1127 0.999039
1128 1.00783
1129 0.997097
1130 0.998853
1131 1.00261
1132 0.991171
1133 0.992251
1134 1.00233
1135 1.00575
1136 1.01775
1137 1.00764
1138 1.00351
1139 1.00118
1140 0.999532
1141 1.00573
1142 0.999685
1143 1.0023
1144 1.0018
1145 1.00129
1146 1.00973
1147 0.998909
1148 0.996216
1149 1.00715
1150 1.01184
1151 0.997403
1152 1.00403
1153 1.00662
1154 1.00245
1155 1.02241
1156 1.00804
1157 1.02235
1158 1.0189
1159 1.01607
1160 1.02639
1161 1.01571
1162 1.02184
1163 1.02401
1164 1.01782
1165 1.01579
1166 1.01943
1167 1.02293
1168 1.0072
1169 1.01613
1170 1.01451
1171 1.01972
1172 1.02549
1173 1.01905
1174 1.01508
1175 1.0141
1176 1.01563
1177 1.01253
1178 1.02135
1179 1.02738
1180 1.01869
1181 1.00897
1182 1.02184
1183 1.02088
1184 1.02009
1185 1.01202
1186 1.01049
1187 1.02912
1188 1.02366
1189 1.01404
1190 1.02625
1191 1.00465
1192 1.01894
1193 0.996216
1194 1.00022
1195 1.01178
1196 1.00403
1197 1.01106
1198 1.00193
1199 1.01373
1200 0.997403
1201 0.996787
1202 0.994896
1203 0.998443
1204 0.999486
1205 1.00707
1206 0.996553
1207 0.998072
1208 0.98258
1209 1.00566
1210 0.998816
1211 1.01232
1212 0.985229
1213 1.00509
1214 0.993189
1215 0.991205
1216 1.00207
1217 0.999987
1218 0.994184
1219 1.00798
1220 0.986922
1221 1.00115
1222 0.986265
1223 0.990765
1224 0.996958
1225 0.98668
1226 0.988135
1227 0.984867
1228 0.999704
1229 0.997768
1230 1.00639
1231 1.00842
1232 1.00651
1233 1.00409
1234 1.01416
1235 0.995624
1236 0.998211
1237 0.999685
1238 1.00854
1239 1.00336
1240 0.989412
1241 0.990692
1242 1.0021
1243 1.00789
1244 1.00481
1245 0.993376
1246 0.990954
1247 0.976137
1248 0.98162
1249 0.975951
1250 0.969609
1251 0.97818
1252 0.980542
1253 0.987698
1254 0.983782
1255 0.97191
1256 0.976523
1257 0.98465
1258 0.984264
1259 0.971161
1260 0.965963
1261 0.969815
1262 0.97095
1263 0.969545
1264 0.975723
1265 0.987862
1266 0.994045
1267 0.994737
1268 0.992527
1269 0.979467
1270 0.986634
1271 0.978394
1272 0.979973
1273 0.97519
1274 0.974278
1275 0.975577
1276 0.977562
1277 0.971252
1278 0.973065
1279 0.97033
1280 0.963272
1281 0.962442
1282 0.982854
1283 0.99149
1284 1.00095
1285 1.00047
1286 0.997948
1287 0.99889
1288 1.00559
1289 0.992527
1290 1.00195
1291 1.00196
1292 0.992527
1293 0.993157
1294 0.988392
1295 0.978102
1296 0.975342
1297 0.975518
1298 0.982052
1299 0.985954
1300 0.957568
1301 0.972783
1302 0.96341
1303 0.965876
1304 0.966149
1305 0.97395
1306 0.984686
1307 0.980836
1308 0.966514
1309 0.966979
1310 0.971944
1311 0.98135
1312 0.971142
1313 0.983615
1314 0.958586
1315 0.965621
1316 0.967875
1317 0.964659
1318 0.973368
1319 0.963378
1320 0.953843
1321 0.972576
1322 0.971742
1323 0.972488
1324 0.98162
1325 0.983782
1326 0.980758
1327 0.983318
1328 0.966937
1329 0.985084
1330 0.967345
1331 0.976995
1332 0.974835
1333 0.972854
1334 0.970423
1335 0.965702
1336 0.969462
1337 0.984867
1338 0.968056
1339 0.974535
1340 0.976256
1341 0.98022
1342 0.978241
1343 0.975846
1344 0.976103
1345 0.972801
1346 0.981004
1347 0.986317
1348 0.973773
1349 1.00087
1350 0.985022
1351 1.00594
1352 0.982052
1353 0.995846
1354 0.992711
1355 0.983349
1356 0.997261
1357 0.994908
1358 0.991866
1359 0.990601
1360 1.00549
1361 0.988864
1362 0.994567
1363 0.994045
1364 0.98864
1365 1.00384
1366 1.00018
1367 1.00043
1368 0.996481
1369 0.99797
1370 0.993157
1371 0.985954
1372 0.996958
1373 0.992267
1374 0.992357
1375 0.998072
1376 0.98541
1377 0.976695
1378 0.969834
1379 0.973368
1380 0.976256
1381 0.988826
1382 0.974552
1383 0.999507
1384 0.985954
1385 0.992968
1386 1.00283
1387 0.990765
1388 0.986576
1389 0.984686
1390 0.994896
1391 0.983963
1392 0.985954
1393 0.993385
1394 0.997849
1395 0.989073
1396 0.983241
1397 0.994105
1398 0.984686
1399 0.999188
1400 0.985442
1401 0.97679
1402 0.984867
1403 0.981454
1404 0.984616
1405 0.984571
1406 0.980129
1407 0.973823
1408 0.98282
1409 0.983949
1410 0.989386
1411 0.985285
1412 0.985954
1413 0.996273
1414 0.983116
1415 0.992251
1416 0.986389
1417 0.995529
1418 0.982545
1419 0.993999
1420 0.99102
1421 0.992527
1422 0.979252
1423 0.986959
1424 0.993129
1425 0.986534
1426 0.987355
1427 0.997329
1428 0.980184
1429 0.99174
1430 0.984965
1431 1.00245
1432 0.982783
1433 0.986438
1434 0.98258
1435 0.988272
1436 0.979774
1437 0.980946
1438 0.974977
1439 0.985519
1440 0.992126
1441 0.994105
1442 0.990326
1443 0.992527
1444 0.977057
1445 0.974699
1446 0.975682
1447 0.986534
1448 0.976656
1449 0.983979
1450 0.983602
1451 0.984557
1452 0.995947
1453 0.991976
1454 0.986548
1455 0.987539
1456 0.969779
1457 0.97961
1458 0.985954
1459 0.980758
1460 0.976185
1461 0.991268
1462 0.988447
1463 0.980445
1464 0.98802
1465 0.987738
1466 0.975545
1467 0.990012
1468 0.987589
1469 0.982949
1470 0.972124
1471 0.981288
1472 0.979928
1473 0.976713
1474 0.976159
1475 0.982484
1476 0.994632
1477 0.986109
1478 0.990546
1479 0.98144
1480 0.965461
1481 0.98306
1482 0.977039
1483 0.978807
1484 0.971654
1485 0.983782
1486 0.97095
1487 0.975354
1488 0.959331
1489 0.988956
1490 0.974392
1491 0.969633
1492 0.969264
1493 0.968424
1494 0.969311
1495 0.977324
1496 0.969745
1497 0.981485
1498 0.973419
1499 0.974223
1500 0.972007
1501 0.980004
1502 0.981454
1503 0.990052
1504 0.973229
1505 0.977895
1506 0.964312
1507 0.977982
1508 0.957602
1509 0.955838
1510 0.971742
1511 0.970347
1512 0.973644
1513 0.974127
1514 0.966224
1515 0.968359
1516 0.958923
1517 0.975545
1518 0.971372
1519 0.967195
1520 0.980812
1521 0.976502
1522 0.964242
1523 0.970758
1524 0.966
1525 0.968669
1526 0.967401
1527 0.96789
1528 0.97916
1529 0.978275
1530 0.969896
1531 0.962957
1532 0.959822
1533 0.966747
1534 0.96051
1535 0.954353
1536 0.973939
1537 0.97818
1538 0.974835
1539 0.99668
1540 0.994133
1541 1.00158
1542 0.992343
1543 1.00518
1544 1.00368
1545 0.998909
1546 0.998196
1547 1.0077
1548 1.00006
1549 0.993852
1550 0.989887
1551 0.999859
1552 0.998592
1553 0.994737
1554 0.993017
1555 0.989229
1556 0.990082
1557 0.991325
1558 0.995846
1559 0.993263
1560 0.996513
1561 0.995078
1562 0.983241
1563 0.984595
1564 0.981952
1565 0.985361
1566 0.999747
1567 0.974009
1568 0.994908
1569 0.987675
1570 0.979272
1571 0.982484
1572 0.996661
1573 0.982995
1574 1.00012
1575 0.980004
1576 0.999747
1577 0.989473
1578 0.988334
1579 0.988291
1580 0.991976
1581 0.98216
1582 0.988977
1583 0.965354
1584 0.967609
1585 0.9579
1586 0.963858
1587 0.958008
1588 0.974717
1589 0.976741
1590 0.976612
1591 0.977752
1592 0.979314
1593 0.993263
1594 0.985954
1595 0.9977
1596 0.981045
1597 0.989927
1598 0.9827
1599 0.987407
1600 0.9821
1601 0.975048
1602 0.972611
1603 0.981404
1604 0.978687
1605 0.975723
1606 0.979467
1607 0.97916
1608 0.97818
1609 0.990526
1610 0.996958
1611 0.981836
1612 0.972359
1613 0.986771
1614 0.97095
1615 0.978297
1616 0.972763
1617 0.981288
1618 0.979825
1619 0.976256
1620 0.977324
1621 0.985772
1622 0.974658
1623 0.98389
1624 0.97519
1625 0.979467
1626 0.97519
1627 0.980696
1628 0.976205
1629 0.976754
1630 0.971889
1631 0.971718
1632 0.966557
1633 0.986861
1634 0.986289
1635 0.979945
1636 0.985519
1637 0.98186
1638 0.972007
1639 0.974886
1640 0.977653
1641 0.976174
1642 0.982052
1643 0.978752
1644 0.976995
1645 0.982052
1646 0.992037
1647 0.988317
1648 0.973207
1649 0.972218
1650 0.997948
1651 0.989728
1652 0.995181
1653 0.998443
1654 1.0016
1655 0.996124
1656 0.990843
1657 0.993508
1658 0.989838
1659 0.997753
1660 0.99849
1661 1.01092
1662 1.00951
1663 0.996402
1664 1.00312
1665 0.996444
1666 0.991897
1667 1.00783
1668 1.00436
1669 1.01492
1670 1.0012
1671 1.00489
1672 1.01278
1673 1.01064
1674 1.0174
1675 1.02278
1676 1.02951
1677 1.03852
1678 1.02878
1679 1.01412
1680 1.01534
1681 1.02184
1682 1.01541
1683 1.02398
1684 1.02132
1685 1.03541
1686 1.03047
1687 1.02062
1688 1.00821
1689 1.01696
1690 1.0244
1691 1.03038
1692 1.02844
1693 1.03007
1694 1.03432
1695 1.03671
1696 1.03842
1697 1.03896
1698 1.03548
1699 1.05042
1700 1.03085
1701 1.03038
1702 1.04501
1703 1.04899
1704 1.03166
1705 1.03468
1706 1.02946
1707 1.04885
1708 1.04467
1709 1.03869
1710 1.03362
1711 1.04219
1712 1.03983
1713 1.03604
1714 1.03259
1715 1.04768
1716 1.04063
1717 1.04885
1718 1.04244
1719 1.03542
1720 1.05091
1721 1.0673
1722 1.05571
1723 1.06204
1724 1.04877
1725 1.07402
1726 1.05713
1727 1.0637
1728 1.04626
1729 1.03536
1730 1.02205
1731 1.035
1732 1.02283
1733 1.02959
1734 1.0174
1735 1.01914
1736 1.00537
1737 1.01492
1738 1.00878
1739 1.01443
1740 1.00878
1741 1.00503
1742 0.995476
1743 1.01209
1744 1.03149
1745 1.02853
1746 1.01432
1747 1.01176
1748 1.01806
1749 1.01377
1750 1.00926
1751 1.00553
1752 0.990326
1753 0.993631
1754 0.99353
1755 1.01566
1756 1.00935
1757 1.01386
1758 1.0078
1759 1.01232
1760 1.00842
1761 1.00926
1762 1.02065
1763 1.0074
1764 1.01003
1765 1.01209
1766 1.00944
1767 1.00293
1768 1.01082
1769 0.997661
1770 1.00682
1771 0.987199
1772 0.999188
1773 1.00578
1774 1.00656
1775 1.01508
1776 1.00059
1777 1.00227
1778 1.00015
1779 1.01164
1780 0.997793
1781 1.00429
1782 1.0081
1783 1.01956
1784 1.0132
1785 1.02339
1786 1.01164
1787 1.0227
1788 1.0309
1789 1.0172
1790 1.01091
1791 1.00233
1792 1.00615
1793 1.0119
1794 1.00312
1795 1.00573
1796 1.01125
1797 1.00594
1798 1.01432
1799 1.00468
1800 1.02283
1801 1.01
1802 1.01682
1803 1.01972
1804 1.01995
1805 1.01329
1806 1.019
1807 1.00049
1808 1.00973
1809 1.01111
1810 1.01531
1811 1.01547
1812 1.03454
1813 1.02059
1814 1.02705
1815 1.02841
1816 1.0254
1817 1.00162
1818 1.01607
1819 1.02821
1820 1.02454
1821 1.03149
1822 1.01761
1823 1.02471
1824 1.01933
1825 1.00992
1826 1.01894
1827 1.02912
1828 1.02641
1829 1.01972
1830 1.02518
1831 1.01508
1832 1.01422
1833 1.01806
1834 1.01693
1835 1.00992
1836 1.02581
1837 1.02693
1838 1.02853
1839 1.02118
1840 1.01917
1841 1.00615
1842 1.02518
1843 1.03966
1844 1.02983
1845 1.03688
1846 1.0132
1847 1.02793
1848 1.03282
1849 1.0368
1850 1.0396
1851 1.02875
1852 1.02469
1853 1.01451
1854 1.02142
1855 1.03889
1856 1.03388
1857 1.04599
1858 1.03628
1859 1.02959
1860 1.04063
1861 1.04135
1862 1.0399
1863 1.05046
1864 1.05141
1865 1.06034
1866 1.05446
1867 1.04915
1868 1.04146
1869 1.05679
1870 1.04795
1871 1.04409
1872 1.04651
1873 1.06258
1874 1.03508
1875 1.03779
1876 1.03938
1877 1.05763
1878 1.04599
1879 1.0532
1880 1.05455
1881 1.05563
1882 1.05492
1883 1.05982
1884 1.06034
1885 1.06124
1886 1.05755
1887 1.03825
1888 1.04327
1889 1.04111
1890 1.03269
1891 1.02833
1892 1.0393
1893 1.02283
1894 1.04111
1895 1.0199
1896 1.04912
1897 1.04865
1898 1.04968
1899 1.04817
1900 1.042
1901 1.04477
1902 1.05141
1903 1.04762
1904 1.04273
1905 1.03588
1906 1.03388
1907 1.04093
1908 1.03913
1909 1.03769
1910 1.02938
1911 1.04681
1912 1.03448
1913 1.03315
1914 1.02528
1915 1.04111
1916 1.02534
1917 1.02859
1918 1.03647
1919 1.02566
1920 1.03478
1921 1.03548
1922 1.0396
1923 1.03673
1924 1.03628
1925 1.0506
1926 1.04708
1927 1.05029
1928 1.03724
1929 1.02404
1930 1.01566
1931 1.02112
1932 1.01416
1933 1.01011
1934 1.00143
1935 1.00368
1936 1.02373
1937 1.02231
1938 1.03869
1939 1.02397
1940 1.03209
1941 1.0244
1942 1.02793
1943 1.04192
1944 1.03047
1945 1.02715
1946 1.03441
1947 1.01574
1948 1.03845
1949 1.02715
1950 1.03149
1951 1.03252
1952 1.01508
1953 1.01693
1954 1.03308
1955 1.01894
1956 1.02272
1957 1.02604
1958 1.0203
1959 1.00639
1960 1.02019
1961 1.02722
1962 1.01869
1963 1.03214
1964 1.01329
1965 1.02205
1966 1.02153
1967 1.00796
1968 1.0205
1969 1.0192
1970 1.00571
1971 1.02597
1972 1.02322
1973 1.0148
1974 1.00644
1975 1.0125
1976 1.01299
1977 1.02746
1978 1.01578
1979 1.02498
1980 1.02166
1981 1.01869
1982 1.01301
1983 1.01483
1984 1.03452
1985 1.00897
1986 1.01569
1987 1.02035
1988 1.00581
1989 1.01972
1990 1.01647
1991 1.00925
1992 1.02492
1993 1.01008
1994 1.01014
1995 1.01483
1996 1.02115
1997 1.01508
1998 1.00793
1999 1.01068
2000 1.00143
2001 1.00783
2002 1.01118
2003 1.01147
2004 1.01141
2005 1.01508
2006 0.993473
2007 1.01049
2008 1.00594
2009 1.00481
2010 1.00509
2011 0.998072
2012 1.00948
2013 0.993789
2014 0.992727
2015 0.986498
2016 0.998072
2017 0.995371
2018 1.00012
2019 1.00312
2020 1.00691
2021 1.01547
2022 1.01221
2023 1.00003
2024 0.99597
2025 0.972007
2026 1.01508
2027 1.00556
2028 1.00368
2029 0.996513
2030 1.01278
2031 0.996711
2032 1.00239
2033 1.00243
2034 1.00878
2035 0.999436
2036 0.998072
2037 1.01278
2038 0.995107
2039 1.01324
2040 1.00707
2041 1.0249
2042 1.01824
2043 1.02717
2044 1.01164
2045 1.01329
2046 1.02205
2047 1.02872
2048 1.01925
2049 1.01406
2050 1.01227
2051 1.01879
2052 1.00912
2053 1.01508
2054 1.02463
2055 1.0257
2056 1.0334
2057 1.01688
2058 1.02764
2059 1.0432
2060 1.0399
2061 1.03097
2062 1.03241
2063 1.04666
2064 1.04783
2065 1.0399
2066 1.04648
2067 1.0464
2068 1.04477
2069 1.05146
2070 1.05671
2071 1.04968
2072 1.04172
2073 1.04844
2074 1.0346
2075 1.03081
2076 1.04459
2077 1.03869
2078 1.0203
2079 1.04152
2080 1.03007
2081 1.01894
2082 1.02675
2083 1.0416
2084 1.02793
2085 1.02935
2086 1.03229
2087 1.03718
2088 1.02734
2089 1.04497
2090 1.03869
2091 1.01595
2092 1.01836
2093 1.0311
2094 1.01393
2095 1.01049
2096 1.01324
2097 1.01856
2098 1.02628
2099 1.02872
2100 1.01761
2101 1.04524
2102 1.04389
2103 1.04681
2104 1.03682
2105 1.03488
2106 1.037
2107 1.0341
2108 1.0416
2109 1.03388
2110 1.0425
2111 1.04653
2112 1.04111
2113 1.00821
2114 1.0033
2115 1.02776
2116 1.01416
2117 1.02339
2118 1.02024
2119 1.02783
2120 1.02088
2121 1.03388
2122 1.01682
2123 1.00764
2124 1.02528
2125 1.02205
2126 1.02872
2127 1.01827
2128 1.01662
2129 1.02951
2130 1.01151
2131 1.01856
2132 1.02507
2133 1.02734
2134 1.01049
2135 1.0244
2136 1.00617
2137 1.02231
2138 0.995846
2139 1.02574
2140 1.0244
2141 1.0033
2142 1.01355
2143 1.00867
2144 1.02941
2145 1.03821
2146 1.02461
2147 1.03766
2148 1.0393
2149 1.03869
2150 1.03869
2151 1.0399
2152 1.04007
2153 1.02597
2154 1.02498
2155 1.01125
2156 1.01972
2157 1.02275
2158 1.00963
2159 0.993852
2160 1.00283
2161 1.00756
2162 0.996587
2163 1.00424
2164 1.01508
2165 1.00878
2166 1.0203
2167 1.01432
2168 1.01202
2169 1.0138
2170 1.02574
2171 1.02112
2172 1.0244
2173 1.02878
2174 1.01439
2175 1.01462
2176 1.05616
2177 1.03209
2178 1.02675
2179 1.01324
2180 1.01817
2181 0.998909
2182 1.00368
2183 1.03588
2184 1.03532
2185 1.01462
2186 1.01278
2187 1.01647
2188 1.02127
2189 1.0244
2190 1.02864
2191 1.02138
2192 1.02205
2193 1.02938
2194 1.02346
2195 1.00963
2196 1.02205
2197 1.01278
2198 0.986389
2199 0.984867
2200 1.01114
2201 1.01003
2202 0.996958
2203 1.01682
2204 1.011
2205 1.0067
2206 1.03532
2207 1.03229
2208 1.03917
2209 1.00368
2210 1.00745
2211 1.00745
2212 1.01202
2213 0.983349
2214 1.01221
2215 1.01324
2216 1.00594
2217 1.00707
2218 0.996958
2219 1.0203
2220 0.98234
2221 1.02498
2222 1.01049
2223 1.00293
2224 1.00255
2225 1.01087
2226 0.980901
2227 1.00632
2228 1.00776
2229 0.996402
2230 0.975616
2231 0.991792
2232 1.00218
2233 0.985229
2234 0.979897
2235 0.988864
2236 0.992086
2237 0.996958
2238 0.991205
2239 0.997403
2240 1.01601
2241 1.01106
2242 1.0174
2243 0.999188
2244 1.00199
2245 0.997849
2246 0.998295
2247 1.02734
2248 1.02352
2249 1.01879
2250 0.996216
2251 0.991976
2252 1.01856
2253 1.00897
2254 1.01049
2255 1.0118
2256 1.02264
2257 1.01693
2258 1.02346
2259 0.989448
2260 0.9827
2261 0.992527
2262 0.989777
2263 0.984867
2264 1.01393
2265 1.01585
2266 1.00405
2267 1.01355
2268 0.994737
2269 0.999747
2270 0.99863
2271 1.00707
2272 1.02088
2273 1.00368
2274 1.01624
2275 1.01925
2276 1.01451
2277 1.00255
2278 1.00143
2279 1.00821
2280 1.02127
2281 1.01432
2282 1.00368
2283 1.06258
2284 1.03628
2285 1.02971
2286 1.05215
2287 1.07753
2288 1.05091
2289 1.04968
2290 1.00821
2291 1.02205
2292 1.01164
2293 1.01049
2294 1.01585
2295 0.994737
2296 1.00053
2297 0.980184
2298 0.999188
2299 1.00218
2300 1.00368
2301 1.01278
2302 1.01585
2303 0.993631
2304 1.00935
2305 0.967794
2306 1.00233
2307 0.972642
2308 1.00973
2309 0.98162
2310 0.997403
2311 0.991976
2312 1.00707
2313 0.991059
2314 0.984505
2315 1.00821
2316 1.01164
2317 1.00368
2318 0.992527
2319 0.988135
2320 0.966747
2321 0.97519
2322 0.988135
2323 1.01278
2324 1.00368
2325 0.976612
2326 0.978037
2327 0.995846
2328 1.0174
2329 0.991059
2330 0.98162
2331 1.00821
2332 1.02361
2333 1.00143
2334 1.05174
2335 0.996958
2336 1.04926
2337 1.03508
2338 1.02675
2339 1.04354
2340 1.03548
2341 0.999188
2342 1.0303
2343 1.01049
2344 1.04111
2345 1.01508
2346 0.994737
2347 1.01508
2348 0.990326
2349 1.01585
2350 0.948274
2351 1.00594
2352 1.00143
2353 1.00368
2354 0.956396
2355 0.983782
2356 0.926633
2357 0.950292
2358 0.919006
2359 0.952318
2360 0.968844
2361 0.992527
2362 1.00368
2363 0.966747
2364 0.954353
2365 0.966747
2366 0.948274
2367 0.950292
2368 0.940289
2369 0.999188
2370 1.01508
2371 0.980542
2372 0.988135
2373 1.03869
2374 0.987043
2375 0.963618
2376 1.00594
2377 1.05588
2378 1.0399
2379 1.08539
2380 1
2381 1
2382 1.02912
2383 1.06596
2384 1
2385 1
2386 1
2387 1
2388 1
2389 1
2390 1
2391 1
2392 1
2393 1
2394 1
2395 1
2396 1
2397 1
2398 1
2399 1
2400 1
