0 1
1 1
2 1.21802
3 1.04595
4 1.11391
5 1.14749
6 1.1024
7 1.11143
8 1.03115
9 1.01065
10 1.03192
11 1.08218
12 1.02605
13 1.03483
14 1.07959
15 1.1083
16 1.08097
17 1.11161
18 1.20369
19 1.15141
20 1.14348
21 1.19874
22 1.17557
23 1.10289
24 1.05538
25 0.939614
26 0.981318
27 0.995895
28 1.02908
29 1.00458
30 1.0301
31 1.04851
32 1.02885
33 1.03286
34 1.0213
35 1.0219
36 1.04371
37 1.04092
38 1.05554
39 1.04801
40 1.05452
41 1.01545
42 1.03272
43 1.04558
44 1.03578
45 1.0411
46 1.04296
47 1.0365
48 1.02405
49 1.05609
50 1.04414
51 1.05167
52 1.02479
53 0.995692
54 1.02254
55 1.03175
56 1.06905
57 1.05255
58 1.05492
59 1.05019
60 1.05278
61 1.057
62 1.04862
63 1.02233
64 1.00709
65 1.04042
66 1.04037
67 1.06762
68 1.06381
69 1.05308
70 1.04521
71 1.04766
72 0.974493
73 1.03173
74 1.03982
75 1.03536
76 1.0383
77 1.02495
78 1.00851
79 1.02672
80 1.0065
81 1.0506
82 1.07468
83 1.03104
84 1.08334
85 1.06057
86 1.08379
87 1.05125
88 1.07385
89 1.09386
90 1.03299
91 1.01621
92 1.02061
93 1.01969
94 1.03559
95 1.04417
96 1.03938
97 1.03598
98 1.06081
99 1.03891
100 1.01737
101 1.01324
102 0.995762
103 1.00016
104 1.01079
105 1.01671
106 1.0145
107 1.02542
108 1.00441
109 1.00424
110 0.982278
111 0.995852
112 0.991381
113 0.994046
114 1.01417
115 1.01442
116 0.988311
117 0.979711
118 1.0011
119 1.02842
120 1.02507
121 1.02829
122 1.01884
123 1.02077
124 1.03342
125 1.02871
126 1.02168
127 1.00459
128 1.01155
129 1.00196
130 1.0147
131 1.00524
132 1.00279
133 1.01821
134 0.978201
135 1.00389
136 0.994622
137 0.995146
138 0.988158
139 1.0431
140 1.0062
141 1.00002
142 0.980878
143 0.991667
144 0.970043
145 1.01215
146 0.988417
147 0.982681
148 1.01123
149 1.00615
150 0.994762
151 0.996532
152 0.990852
153 0.984854
154 0.969899
155 0.978194
156 0.980894
157 0.997367
158 0.963666
159 0.968279
160 0.997103
161 0.966457
162 1.00234
163 0.99904
164 0.995571
165 0.995717
166 1.02019
167 0.978116
168 0.99256
169 1.03785
170 0.989176
171 1.02597
172 1.01978
173 1.05695
174 1.06093
175 1.09041
176 1.14682
177 1.08793
178 1.0711
179 1.06554
180 1.05995
181 1.05707
182 1.05564
183 1.02957
184 1.06601
185 1.05835
186 1.03732
187 1.07525
188 1.04922
189 1.02786
190 1.02947
191 1.04807
192 1.08126
193 1.11572
194 1.15677
195 1.08853
196 1.09795
197 1.06778
198 1.04072
199 1.0015
200 1.00059
201 1.01286
202 0.996519
203 1.00453
204 1.00269
205 1.01176
206 0.987453
207 0.978027
208 0.968268
209 0.988756
210 0.976245
211 0.996334
212 0.984533
213 0.992508
214 0.98187
215 0.975064
216 0.982165
217 0.995849
218 1.01803
219 1.00897
220 1.00298
221 0.977239
222 0.982541
223 1.02387
224 0.997275
225 0.991214
226 1.00816
227 0.992663
228 0.991112
229 1.00004
230 0.998389
231 0.993413
232 0.987416
233 0.986211
234 1.00514
235 0.986644
236 1.01411
237 1.00319
238 0.995514
239 1.01481
240 1.01151
241 1.00719
242 0.991748
243 0.993827
244 0.988486
245 0.994435
246 1.01406
247 1.00795
248 1.00239
249 1.01391
250 1.02299
251 1.01302
252 1.0118
253 1.00027
254 0.998243
255 1.02259
256 0.984826
257 0.977078
258 0.988805
259 0.976142
260 0.975124
261 1.0047
262 1.00066
263 0.993072
264 1.0017
265 1.01657
266 1.00398
267 0.99566
268 1.00594
269 0.9745
270 0.990284
271 0.99999
272 0.988062
273 1.00129
274 0.997879
275 0.982834
276 1.00246
277 1.02049
278 1.02305
279 1.00286
280 1.02991
281 0.984488
282 0.989294
283 0.981354
284 0.989597
285 0.972829
286 1.01705
287 1.03865
288 0.98856
289 0.992767
290 1.00459
291 1.01824
292 1.01918
293 1.00846
294 1.01509
295 1.01434
296 1.00031
297 1.01373
298 1.01976
299 1.03531
300 1.05014
301 1.04126
302 1.07984
303 1.08272
304 1.10029
305 1.07988
306 1.03923
307 1.03286
308 1.01411
309 1.02968
310 1.02819
311 1.02078
312 1.0167
313 1.03852
314 1.01563
315 1.03128
316 1.02875
317 1.01763
318 1.03894
319 1.04146
320 1.07169
321 1.13115
322 1.11018
323 1.05946
324 1.00126
325 1.02307
326 1.00264
327 0.994371
328 0.995645
329 0.983334
330 0.967479
331 0.971612
332 0.984735
333 0.988473
334 0.972927
335 0.996562
336 0.984917
337 1.0131
338 1.00037
339 1.02644
340 0.996906
341 1.05073
342 1.05203
343 1.02871
344 1.03216
345 1.02937
346 1.04831
347 1.01312
348 1.02931
349 1.01882
350 1.03086
351 1.0324
352 1.03855
353 1.02094
354 1.01613
355 1.01178
356 1.07824
357 1.02965
358 1.05888
359 1.04947
360 1.03702
361 1.024
362 0.993581
363 1.01111
364 1.01443
365 1.07455
366 1.01958
367 1.0168
368 1.01565
369 0.991841
370 0.922848
371 0.986879
372 0.962768
373 0.939028
374 0.94364
375 0.938856
376 0.962306
377 0.95883
378 0.964553
379 0.973701
380 0.953126
381 0.957426
382 0.93811
383 0.966922
384 0.935863
385 0.94335
386 0.958123
387 0.956536
388 0.951449
389 0.968204
390 0.976935
391 0.982767
392 0.966382
393 1.00701
394 0.978826
395 0.986304
396 0.975783
397 0.993917
398 1.03044
399 1.07966
400 1.10167
401 1.07238
402 1.04013
403 1.02154
404 1.02296
405 1.01953
406 1.03884
407 1.0407
408 1.04248
409 1.03011
410 1.03118
411 1.04889
412 1.01928
413 1.01447
414 1.03308
415 1.08558
416 1.07113
417 1.15879
418 1.17558
419 1.06365
420 1.04132
421 1.022
422 1.00239
423 0.984907
424 0.981243
425 0.997993
426 0.985761
427 0.968735
428 0.973956
429 1.00195
430 0.993789
431 0.972432
432 0.983467
433 0.985257
434 0.991913
435 0.973194
436 0.971674
437 0.972854
438 0.960874
439 0.935975
440 0.954145
441 0.935493
442 0.940614
443 0.953925
444 0.961194
445 0.968902
446 0.935473
447 0.950392
448 0.97468
449 0.950488
450 0.925294
451 0.930436
452 0.909352
453 0.925261
454 0.938017
455 0.948598
456 0.958758
457 0.930986
458 0.938244
459 0.949047
460 0.930747
461 0.958279
462 0.949141
463 0.958293
464 0.955493
465 0.977429
466 0.957852
467 0.974233
468 0.97045
469 0.969819
470 0.962069
471 0.968648
472 0.989997
473 0.98273
474 0.979651
475 0.977218
476 0.989522
477 0.972624
478 0.962857
479 0.958665
480 0.972659
481 0.975482
482 0.982681
483 0.950456
484 0.949907
485 0.983189
486 1.00344
487 0.962819
488 0.948919
489 0.964315
490 0.934833
491 0.967734
492 0.973758
493 0.984166
494 0.979977
495 0.978813
496 0.974207
497 0.94251
498 0.967059
499 0.944906
500 0.965625
501 0.970938
502 0.951941
503 0.948094
504 0.964843
505 0.982894
506 0.972454
507 0.957669
508 0.945854
509 0.94899
510 0.933167
511 0.943039
512 0.937768
513 0.961077
514 0.946862
515 0.960031
516 0.97446
517 0.969392
518 0.971177
519 0.961616
520 0.992894
521 0.980902
522 0.99226
523 0.998576
524 0.972708
525 0.990248
526 1.00919
527 1.04505
528 1.01178
529 1.00132
530 0.992259
531 1.00457
532 0.968101
533 0.977834
534 0.95149
535 0.936086
536 0.914209
537 0.922236
538 0.968053
539 0.949368
540 0.956354
541 0.968216
542 1.00098
543 0.991154
544 0.971099
545 0.979926
546 0.998728
547 0.957379
548 0.952483
549 0.952393
550 0.961895
551 0.986982
552 0.96349
553 0.978761
554 0.964993
555 0.971161
556 0.983228
557 0.980164
558 0.975943
559 0.980302
560 1.00462
561 0.956271
562 0.93809
563 0.96479
564 0.979053
565 0.934501
566 0.986152
567 0.959193
568 0.984034
569 0.973248
570 0.963626
571 0.962211
572 0.987833
573 0.952683
574 0.965143
575 0.948016
576 0.965779
577 0.982454
578 0.997625
579 0.978251
580 0.971164
581 0.95873
582 0.969221
583 0.967468
584 0.978442
585 0.97908
586 0.986569
587 0.978094
588 0.987789
589 0.973881
590 0.945591
591 0.973037
592 0.956435
593 0.934787
594 0.982884
595 0.948868
596 0.957819
597 0.958283
598 0.969808
599 0.949795
600 0.896699
601 0.917051
602 0.980602
603 0.947639
604 0.963728
605 0.943101
606 0.936882
607 0.964395
608 0.963265
609 0.954057
610 0.974495
611 0.954699
612 0.965947
613 0.968877
614 0.95285
615 0.959179
616 0.981118
617 0.960657
618 0.940213
619 0.969058
620 0.966043
621 0.983671
622 0.967524
623 0.958086
624 0.963676
625 0.956466
626 0.948235
627 0.967178
628 0.939102
629 1.00001
630 0.978364
631 0.974259
632 0.985266
633 0.98518
634 0.962946
635 0.96409
636 0.974161
637 0.967849
638 0.960431
639 0.975561
640 0.972115
641 0.997353
642 0.956097
643 0.975075
644 0.961842
645 0.997328
646 0.9659
647 0.973332
648 0.989321
649 0.974464
650 0.981801
651 0.971014
652 1.0068
653 1.00107
654 0.999963
655 0.963494
656 0.949098
657 0.948828
658 0.987411
659 0.999605
660 0.984401
661 0.992512
662 1.00012
663 0.987794
664 0.976554
665 0.988131
666 0.988469
667 0.988208
668 0.99104
669 1.03266
670 0.988385
671 0.983108
672 0.961894
673 0.986603
674 0.989566
675 1.0093
676 1.02423
677 0.99079
678 0.958038
679 1.00667
680 0.989352
681 0.981917
682 1.0092
683 0.988397
684 1.00316
685 0.996002
686 0.969711
687 1.02634
688 0.993782
689 0.99526
690 0.975699
691 0.973819
692 0.985747
693 0.982757
694 0.991871
695 0.986231
696 1.01285
697 0.988009
698 0.979319
699 0.985051
700 1.00078
701 0.979502
702 0.978123
703 0.988864
704 0.995797
705 0.978535
706 0.953358
707 0.978006
708 0.986942
709 0.967511
710 0.987199
711 0.96359
712 0.976437
713 0.979171
714 0.992102
715 0.990008
716 0.965452
717 1.00891
718 1.00958
719 1.00856
720 0.998151
721 0.97991
722 1.02178
723 0.975112
724 0.990914
725 0.988449
726 1.00138
727 0.985614
728 1.01135
729 0.970703
730 0.963912
731 0.971845
732 0.967631
733 1.00607
734 1.01672
735 0.984371
736 0.99877
737 1.00331
738 1.02247
739 1.02757
740 0.979927
741 0.990444
742 1.01721
743 1.05665
744 1.04829
745 1.01902
746 1.02337
747 0.994712
748 1.01832
749 1.00389
750 0.996595
751 0.96045
752 1.02438
753 1.04851
754 1.10209
755 1.03373
756 1.04548
757 1.03604
758 1.04895
759 1.0689
760 1.04591
761 1.03436
762 1.01797
763 1.02891
764 1.01968
765 1.00376
766 1.02335
767 1.01472
768 1.00731
769 1.02362
770 1.03873
771 1.01202
772 0.955694
773 0.978449
774 0.982386
775 0.956222
776 0.978335
777 0.968378
778 0.967288
779 0.991154
780 0.970897
781 0.991771
782 1.00462
783 1.00632
784 0.971912
785 0.997883
786 0.993816
787 0.994193
788 0.977292
789 0.989835
790 0.987439
791 0.993734
792 0.992613
793 0.987882
794 0.980859
795 0.977949
796 0.968926
797 1.01881
798 1.00184
799 0.986688
800 0.984196
801 0.973546
802 0.984235
803 0.997179
804 0.975587
805 1.00902
806 0.963689
807 0.976823
808 0.95307
809 0.989642
810 0.997728
811 1.01292
812 1.01364
813 1.05035
814 1.05561
815 1.11575
816 1.16042
817 1.06826
818 1.04358
819 0.98837
820 0.976417
821 0.985504
822 0.994375
823 0.994661
824 1.0057
825 0.997209
826 1.01321
827 1.00968
828 1.01187
829 0.999589
830 1.02344
831 1.04423
832 1.0773
833 1.17265
834 1.15495
835 1.0836
836 1.06088
837 1.02866
838 1.02919
839 1.02842
840 1.01436
841 1.02087
842 1.01354
843 0.975439
844 1.0206
845 0.990332
846 1.01051
847 0.993396
848 1.00129
849 0.987076
850 0.978876
851 0.978946
852 1.03096
853 1.03139
854 1.00906
855 0.991839
856 0.9999
857 1.00991
858 1.01894
859 0.971352
860 0.979509
861 0.998487
862 1.01562
863 0.956529
864 0.976306
865 0.992267
866 1.00258
867 0.997257
868 1.00313
869 1.04649
870 1.01528
871 0.990202
872 1.00198
873 1.02494
874 0.990929
875 1.00421
876 0.984146
877 1.01823
878 1.04697
879 1.04298
880 1.0296
881 1.0327
882 1.01905
883 1.01948
884 1.03083
885 1.02373
886 1.02435
887 1.03293
888 0.996818
889 1.01913
890 1.03029
891 1.00474
892 1.02363
893 1.00366
894 1.0249
895 1.00436
896 0.992534
897 1.01243
898 1.00192
899 1.03043
900 1.00976
901 1.02336
902 1.02158
903 0.990503
904 1.03044
905 1.03142
906 1.00511
907 1.02652
908 1.00285
909 1.00644
910 0.977161
911 0.97228
912 0.999872
913 0.985971
914 1.00787
915 1.02757
916 1.03045
917 1.02892
918 1.0179
919 0.998751
920 1.01321
921 1.01512
922 1.00379
923 1.00648
924 1.02164
925 1.00502
926 0.983771
927 0.98084
928 0.997769
929 1.0201
930 0.999772
931 0.994774
932 1.00601
933 1.0324
934 1.02755
935 1.01448
936 1.03049
937 1.01927
938 1.00404
939 1.02607
940 1.00134
941 0.985231
942 0.995585
943 0.969797
944 0.97712
945 1.01592
946 0.986426
947 1.01164
948 1.02204
949 1.00791
950 1.00653
951 1.01163
952 1.02074
953 1.0028
954 1.01855
955 0.992342
956 1.01656
957 1.02746
958 1.06107
959 1.1115
960 1.14414
961 1.10032
962 1.05313
963 1.03765
964 1.0322
965 1.0339
966 1.04707
967 1.03597
968 1.03588
969 1.03866
970 1.03912
971 1.05182
972 1.03326
973 1.07064
974 1.12167
975 1.14216
976 1.10066
977 1.05091
978 1.02453
979 1.0002
980 1.04369
981 1.0419
982 1.01902
983 1.02598
984 1.0178
985 1.05892
986 1.06763
987 1.03135
988 1.04281
989 1.02469
990 1.03483
991 1.04779
992 1.02492
993 1.0049
994 0.995754
995 0.992882
996 1.02232
997 0.977036
998 1.00052
999 0.981404
1000 1.00125
1001 1.0007
1002 1.0091
1003 1.01169
1004 0.98475
1005 0.983517
1006 0.974228
1007 0.961099
1008 0.983212
1009 0.982579
1010 1.01141
1011 0.990471
1012 0.988304
1013 0.978104
1014 1.01802
1015 0.994856
1016 1.00562
1017 0.998021
1018 0.99171
1019 0.99467
1020 1.00709
1021 1.03259
1022 1.01613
1023 0.990859
1024 1.0082
1025 1.00356
1026 1.00989
1027 1.03448
1028 1.02013
1029 1.03019
1030 0.994218
1031 0.996067
1032 1.00709
1033 1.03224
1034 1.02012
1035 1.03659
1036 1.02389
1037 1.02641
1038 1.01493
1039 1.01803
1040 1.01288
1041 1.00768
1042 1.02831
1043 1.01583
1044 1.00872
1045 1.02807
1046 1.01533
1047 1.00928
1048 1.00585
1049 1.01607
1050 1.00367
1051 1.01116
1052 0.993309
1053 1.01474
1054 1.00307
1055 1.01914
1056 1.00324
1057 1.00877
1058 1.04474
1059 1.01784
1060 1.00854
1061 0.99116
1062 1.0191
1063 1.0373
1064 0.987569
1065 0.992574
1066 1.01187
1067 0.99903
1068 0.9976
1069 1.0185
1070 0.995039
1071 1.02787
1072 1.00122
1073 1.03075
1074 1.04062
1075 0.99597
1076 1.01116
1077 1.02972
1078 1.00953
1079 1.00286
1080 1.01789
1081 1.02213
1082 1.00724
1083 1.0161
1084 1.00857
1085 1.00634
1086 1.01614
1087 0.992146
1088 0.9996
1089 1.00573
1090 1.02182
1091 1.02297
1092 1.00851
1093 0.994376
1094 1.00877
1095 1.00514
1096 1.00733
1097 0.987127
1098 1.01555
1099 0.971828
1100 0.994384
1101 0.984761
1102 0.973778
1103 0.979704
1104 0.980856
1105 0.999557
1106 1.03108
1107 1.02544
1108 1.01218
1109 1.01866
1110 0.995819
1111 0.995729
1112 0.997622
1113 0.999392
1114 1.01058
1115 1.02411
1116 1.01738
1117 1.0174
1118 1.0231
1119 1.02987
1120 1.01744
1121 1.01176
1122 1.035
1123 0.997131
1124 1.02619
1125 1.02097
1126 1.02866
1127 1.02793
1128 1.01238
1129 1.02888
1130 1.00128
1131 1.03032
1132 1.02715
1133 1.03872
1134 1.04742
1135 0.998246
1136 0.998435
1137 0.967932
1138 0.984887
1139 1.01951
1140 1.00635
1141 0.930935
1142 0.935041
1143 1.00089
1144 1.03315
1145 1.00921
1146 1.05982
1147 1.03978
1148 1.03582
1149 1.00897
1150 0.993702
1151 1.01277
1152 1.01482
1153 1.03956
1154 1.00882
1155 1.02866
1156 1.02405
1157 1.01843
1158 1.0214
1159 1.02012
1160 1.03314
1161 1.0361
1162 1.03672
1163 1.01371
1164 1.07792
1165 1.04354
1166 1.00191
1167 1.03087
1168 1.00685
1169 1.00265
1170 1.00068
1171 1.00544
1172 1.00657
1173 1.02557
1174 1.03254
1175 1.02332
1176 1.02736
1177 1.02563
1178 1.01862
1179 1.03848
1180 1.02638
1181 1.0188
1182 0.984826
1183 1.0063
1184 1.00319
1185 1.00439
1186 1.00592
1187 1.02816
1188 1.02603
1189 1.02029
1190 1.01595
1191 1.00728
1192 1.01409
1193 1.04814
1194 1.03264
1195 1.03107
1196 1.02857
1197 1.02438
1198 1.02102
1199 1.03872
1200 1.01357
1201 1.02536
1202 1.01356
1203 0.987869
1204 0.993335
1205 0.997854
1206 1.00929
1207 1.00088
1208 1.00767
1209 1.00323
1210 0.999868
1211 0.998897
1212 0.987235
1213 1.0094
1214 1.02213
1215 1.01149
1216 0.990085
1217 0.993362
1218 1.02998
1219 0.996669
1220 1.00812
1221 1.0015
1222 1.0088
1223 1.01427
1224 1.02187
1225 0.999458
1226 1.03321
1227 1.00388
1228 1.02542
1229 1.00732
1230 1.01598
1231 1.02562
1232 1.06477
1233 1.03206
1234 1.04648
1235 1.02818
1236 1.01884
1237 1.02787
1238 0.990156
1239 1.00868
1240 0.998596
1241 1.02273
1242 1.03806
1243 1.03497
1244 1.01921
1245 1.0244
1246 0.980373
1247 1.0037
1248 0.993321
1249 1.01701
1250 1.01309
1251 0.993118
1252 1.00658
1253 1.03153
1254 1.04084
1255 1.01831
1256 1.01745
1257 1.00831
1258 1.01226
1259 1.03402
1260 1.00655
1261 0.99977
1262 0.995244
1263 1.00919
1264 1.01473
1265 1.01276
1266 1.01695
1267 1.02498
1268 1.00086
1269 1.01577
1270 1.03483
1271 1.02322
1272 1.03934
1273 1.02286
1274 1.0268
1275 0.997719
1276 1.02563
1277 1.02383
1278 1.049
1279 1.04681
1280 1.04417
1281 0.995637
1282 1.02292
1283 1.03489
1284 1.01202
1285 1.01759
1286 1.00549
1287 1.01307
1288 0.988601
1289 1.02419
1290 1.02379
1291 1.01012
1292 1.0273
1293 1.02808
1294 1.01686
1295 1.01205
1296 1.01522
1297 1.01032
1298 1.00211
1299 1.01088
1300 0.994988
1301 1.02996
1302 1.00682
1303 1.01191
1304 1.00335
1305 1.02707
1306 1.01065
1307 1.00196
1308 0.996345
1309 1.00158
1310 0.968874
1311 0.992014
1312 1.00111
1313 0.983047
1314 0.994306
1315 0.983389
1316 0.98971
1317 1.00769
1318 1.01499
1319 0.996894
1320 1.01696
1321 1.0285
1322 1.02702
1323 0.998757
1324 1.02028
1325 1.00813
1326 1.04767
1327 1.09276
1328 1.13189
1329 1.07497
1330 1.02676
1331 1.01355
1332 0.995788
1333 0.986457
1334 0.981473
1335 0.98943
1336 0.972562
1337 0.975201
1338 0.981703
1339 0.985393
1340 0.998546
1341 0.992818
1342 1.00595
1343 1.01539
1344 1.05674
1345 1.10843
1346 1.05622
1347 1.02882
1348 1.02003
1349 1.0236
1350 1.03063
1351 0.991095
1352 0.994223
1353 0.991397
1354 0.978408
1355 0.965648
1356 1.01641
1357 0.98697
1358 0.979578
1359 0.997466
1360 0.972867
1361 0.979584
1362 0.994884
1363 0.987942
1364 0.973537
1365 0.994452
1366 0.999748
1367 0.998043
1368 1.00473
1369 1.0107
1370 0.997141
1371 1.00472
1372 1.00003
1373 1.00109
1374 1.04353
1375 1.0712
1376 1.12178
1377 1.06126
1378 1.03211
1379 1.03829
1380 1.03514
1381 1.0246
1382 1.02063
1383 1.03606
1384 1.02894
1385 1.02115
1386 1.00813
1387 1.01229
1388 1.03665
1389 1.02222
1390 1.04065
1391 1.05273
1392 1.04085
1393 1.08037
1394 1.05414
1395 1.02328
1396 1.01135
1397 0.976589
1398 0.98177
1399 0.989235
1400 0.99773
1401 0.99362
1402 0.994981
1403 1.00401
1404 1.01286
1405 0.999238
1406 1.00456
1407 1.00059
1408 0.993273
1409 0.979545
1410 0.999617
1411 1.01445
1412 0.989248
1413 0.983868
1414 1.01505
1415 0.997132
1416 1.00991
1417 0.994869
1418 0.991193
1419 0.983749
1420 0.96629
1421 0.993924
1422 0.999208
1423 1.00525
1424 0.999983
1425 1.04541
1426 1.01714
1427 1.00177
1428 0.972445
1429 0.988174
1430 1.01783
1431 0.996506
1432 0.992119
1433 1.02278
1434 0.974649
1435 0.970184
1436 0.980226
1437 1.00324
1438 1.00109
1439 0.998153
1440 0.978527
1441 0.973719
1442 1.01073
1443 1.00402
1444 0.978253
1445 0.964905
1446 0.967955
1447 0.996685
1448 0.992876
1449 1.00054
1450 1.02333
1451 1.00934
1452 0.99954
1453 0.987479
1454 1.01611
1455 0.989126
1456 0.999613
1457 0.993674
1458 0.977564
1459 1.00069
1460 0.990245
1461 0.997957
1462 0.995832
1463 0.991013
1464 0.958765
1465 0.988977
1466 1.00097
1467 0.971897
1468 1.02356
1469 1.01536
1470 1.03156
1471 1.00604
1472 0.992242
1473 1.00224
1474 0.99197
1475 0.996199
1476 0.997301
1477 1.00248
1478 1.00402
1479 0.989404
1480 1.00316
1481 1.00468
1482 0.975852
1483 0.994948
1484 0.980721
1485 1.00435
1486 0.98797
1487 1.00609
1488 1.01066
1489 0.996427
1490 0.981236
1491 0.993927
1492 1.00446
1493 1.001
1494 0.995661
1495 0.986297
1496 0.998637
1497 1.01775
1498 0.969796
1499 0.943224
1500 1.01194
1501 1.00279
1502 0.983829
1503 0.994468
1504 0.990934
1505 0.970559
1506 1.01843
1507 0.991312
1508 1.01119
1509 0.990103
1510 0.997656
1511 0.995676
1512 1.02726
1513 1.01766
1514 1.02259
1515 1.00836
1516 1.02021
1517 1.00966
1518 1.04116
1519 1.03929
1520 1.02231
1521 0.986823
1522 1.01672
1523 0.997231
1524 1.00402
1525 0.992022
1526 1.00182
1527 1.01182
1528 1.00134
1529 0.994961
1530 0.980248
1531 0.981534
1532 1.03685
1533 0.997267
1534 0.97196
1535 0.882183
1536 0.94489
1537 0.972824
1538 0.94943
1539 0.975043
1540 0.990348
1541 0.964347
1542 1.02954
1543 1.03335
1544 1.03469
1545 1.0462
1546 1.02294
1547 1.05524
1548 1.03557
1549 1.03132
1550 1.05542
1551 1.05624
1552 1.028
1553 1.05603
1554 1.01617
1555 1.01749
1556 1.02088
1557 1.04077
1558 1.03256
1559 1.0199
1560 1.03049
1561 0.994583
1562 1.01488
1563 1.04418
1564 1.02105
1565 1.01695
1566 1.0091
1567 1.01056
1568 1.0065
1569 1.02724
1570 1.05307
1571 1.02918
1572 1.02901
1573 1.05876
1574 1.00051
1575 1.0425
1576 1.01835
1577 1.00917
1578 1.01496
1579 1.00314
1580 0.998679
1581 1.03183
1582 1.00283
1583 1.01076
1584 0.962577
1585 1.00482
1586 1.02793
1587 1.0256
1588 1.01083
1589 1.03306
1590 1.0595
1591 1.05171
1592 1.10137
1593 1.07809
1594 1.08642
1595 1.07543
1596 1.02549
1597 1.05337
1598 1.0256
1599 1.01008
1600 1.02213
1601 0.975494
1602 1.01307
1603 1.02114
1604 0.997145
1605 1.00659
1606 1.01564
1607 0.980077
1608 1.01193
1609 1.03343
1610 0.991593
1611 1.00899
1612 1.02544
1613 1.03382
1614 1.02699
1615 1.0335
1616 1.00348
1617 1.00645
1618 1.04268
1619 1.0488
1620 1.03679
1621 1.02114
1622 1.01811
1623 1.02052
1624 1.0009
1625 1.00552
1626 1.01937
1627 1.03534
1628 1.00634
1629 1.00647
1630 1.00972
1631 1.02743
1632 0.987201
1633 1.00539
1634 0.99765
1635 1.00936
1636 0.994135
1637 1.01076
1638 1.00263
1639 1.00984
1640 1.01888
1641 1.01415
1642 1.00258
1643 1.00779
1644 1.01428
1645 1.00438
1646 1.03843
1647 1.00299
1648 1.03363
1649 1.03543
1650 1.01734
1651 1.01569
1652 1.02649
1653 1.03328
1654 1.05028
1655 1.04305
1656 1.02907
1657 1.03989
1658 1.01529
1659 1.0005
1660 1.0394
1661 1.02982
1662 0.998545
1663 1.01876
1664 1.05157
1665 1.026
1666 1.01376
1667 1.02559
1668 1.03021
1669 1.01043
1670 1.03149
1671 1.03539
1672 1.05312
1673 1.03646
1674 1.0579
1675 1.03321
1676 1.03881
1677 1.02609
1678 1.02519
1679 1.05796
1680 1.03953
1681 1.04089
1682 1.08525
1683 1.04525
1684 1.03428
1685 1.0452
1686 1.03962
1687 1.05099
1688 1.04333
1689 1.02011
1690 1.03071
1691 1.03824
1692 1.04508
1693 1.02054
1694 1.01659
1695 1.02002
1696 0.991745
1697 1.01717
1698 0.998917
1699 0.970607
1700 1.02136
1701 1.02385
1702 0.97357
1703 0.965762
1704 0.984086
1705 1.01683
1706 0.972855
1707 0.999812
1708 1.02032
1709 1.00591
1710 1.00636
1711 0.998441
1712 0.987488
1713 1.02844
1714 0.999924
1715 1.01274
1716 1.04672
1717 1.05052
1718 1.04345
1719 1.03164
1720 1.01822
1721 1.01623
1722 1.01152
1723 1.0292
1724 1.02682
1725 1.04801
1726 1.01817
1727 1.00915
1728 1.01043
1729 1.04027
1730 1.02006
1731 1.01352
1732 1.01235
1733 1.0316
1734 1.05779
1735 1.02566
1736 1.04669
1737 1.02777
1738 1.01869
1739 1.02418
1740 1.03498
1741 1.00971
1742 1.02104
1743 1.03816
1744 1.01477
1745 0.997331
1746 1.00355
1747 1.02315
1748 0.994878
1749 1.00507
1750 1.01598
1751 0.986685
1752 1.02795
1753 0.996269
1754 0.997691
1755 1.00714
1756 1.02075
1757 1.04078
1758 1.0301
1759 1.00451
1760 1.01874
1761 0.999056
1762 1.01228
1763 1.00967
1764 1.0257
1765 1.04116
1766 0.995199
1767 1.00172
1768 1.02283
1769 1.02991
1770 1.01254
1771 1.03648
1772 1.00203
1773 1.01364
1774 0.983967
1775 1.00827
1776 1.00081
1777 1.01944
1778 1.04762
1779 1.00995
1780 1.01007
1781 1.00507
1782 1.01805
1783 1.0017
1784 1.02621
1785 1.01745
1786 0.980186
1787 0.992425
1788 1.00045
1789 0.995375
1790 1.00278
1791 0.993591
1792 1.00349
1793 1.0045
1794 1.02614
1795 1.03351
1796 1.01101
1797 1.03219
1798 1.01429
1799 1.00482
1800 0.980222
1801 0.960793
1802 0.989291
1803 1.01672
1804 1.01886
1805 0.999875
1806 1.01515
1807 1.00753
1808 1.01519
1809 1.02471
1810 1.04335
1811 1.00462
1812 0.989323
1813 0.98703
1814 0.977647
1815 0.972842
1816 0.982229
1817 0.991023
1818 1.01602
1819 1.01021
1820 1.0352
1821 1.01183
1822 0.984057
1823 1.00143
1824 1.00273
1825 0.994474
1826 1.00386
1827 1.02943
1828 1.02763
1829 1.01437
1830 1.01033
1831 0.99083
1832 0.99009
1833 0.994151
1834 0.989379
1835 0.982212
1836 1.00299
1837 0.988804
1838 0.991683
1839 1.00265
1840 0.980583
1841 0.990554
1842 1.00226
1843 0.983264
1844 1.01014
1845 0.988119
1846 1.00726
1847 1.01352
1848 1.04675
1849 1.02252
1850 1.00272
1851 0.981825
1852 0.995273
1853 0.99455
1854 1.03218
1855 0.996593
1856 0.997413
1857 0.958544
1858 0.967939
1859 0.938499
1860 0.990551
1861 0.984308
1862 1.00273
1863 1.00702
1864 0.996409
1865 1.01728
1866 0.98512
1867 0.993993
1868 0.987403
1869 1.00599
1870 1.0196
1871 1.00946
1872 1.01508
1873 1.01983
1874 0.991049
1875 1.00014
1876 1.00608
1877 0.985567
1878 0.990604
1879 0.987061
1880 0.994458
1881 1.00875
1882 0.992833
1883 0.994895
1884 0.988755
1885 0.997411
1886 0.998465
1887 0.969113
1888 0.960258
1889 0.948092
1890 0.965021
1891 0.980297
1892 0.949529
1893 0.976106
1894 1.00083
1895 0.984789
1896 0.961551
1897 0.947016
1898 0.967579
1899 0.95463
1900 0.964884
1901 0.987662
1902 0.988653
1903 0.992385
1904 0.972027
1905 0.998433
1906 0.995927
1907 1.02271
1908 1.00022
1909 0.988995
1910 1.01423
1911 0.989649
1912 0.965752
1913 0.962086
1914 0.986811
1915 0.982138
1916 0.959527
1917 0.970931
1918 0.967779
1919 0.976138
1920 0.990091
1921 0.966823
1922 0.991013
1923 0.987355
1924 0.962677
1925 0.981566
1926 0.960508
1927 0.969356
1928 0.9661
1929 0.982989
1930 0.969071
1931 0.975432
1932 0.972403
1933 0.965461
1934 0.958447
1935 0.947313
1936 0.971357
1937 0.964699
1938 0.963705
1939 0.973089
1940 0.96544
1941 0.986464
1942 0.978584
1943 0.980939
1944 0.960348
1945 0.991023
1946 0.993913
1947 0.98722
1948 0.984624
1949 0.98498
1950 0.975981
1951 0.975401
1952 0.943574
1953 0.981437
1954 0.973102
1955 0.976374
1956 0.957559
1957 0.971363
1958 1.01215
1959 0.974003
1960 0.972872
1961 0.995039
1962 0.992274
1963 0.970932
1964 0.990167
1965 0.970198
1966 0.99224
1967 0.986538
1968 0.976951
1969 0.950368
1970 0.94518
1971 0.947373
1972 0.952874
1973 0.939987
1974 0.954433
1975 0.930974
1976 0.939212
1977 0.933295
1978 0.955508
1979 0.955526
1980 0.913868
1981 0.940038
1982 0.970501
1983 0.954634
1984 0.977002
1985 0.98026
1986 0.97808
1987 0.988241
1988 0.949646
1989 0.947339
1990 0.949815
1991 0.983226
1992 0.977482
1993 0.984929
1994 0.970421
1995 0.976965
1996 0.991638
1997 0.990536
1998 0.998178
1999 0.984452
2000 1.00198
2001 0.979977
2002 0.990402
2003 0.980019
2004 0.978283
2005 0.978826
2006 0.991056
2007 0.987385
2008 0.988847
2009 0.986986
2010 0.983574
2011 0.997692
2012 0.986746
2013 0.957678
2014 0.972673
2015 0.964155
2016 0.979567
2017 0.991814
2018 1.01743
2019 1.05116
2020 0.971653
2021 0.973082
2022 0.953087
2023 0.963984
2024 0.977768
2025 0.980455
2026 1.00375
2027 0.995156
2028 0.963613
2029 0.990106
2030 0.993158
2031 1.01786
2032 0.994922
2033 0.981601
2034 0.963305
2035 0.998876
2036 0.970937
2037 0.971077
2038 0.981578
2039 0.990337
2040 0.961475
2041 0.960995
2042 0.982813
2043 0.960815
2044 0.971114
2045 0.961388
2046 0.971962
2047 0.984112
2048 0.99336
2049 1.01302
2050 0.994564
2051 0.977246
2052 0.977657
2053 0.98877
2054 0.984307
2055 1.02542
2056 0.982636
2057 0.994436
2058 0.969582
2059 0.986523
2060 0.993849
2061 0.990487
2062 1.01382
2063 1.01533
2064 0.986654
2065 0.997738
2066 0.9645
2067 0.974351
2068 1.00005
2069 0.971318
2070 0.984465
2071 0.994948
2072 1.00163
2073 0.98908
2074 0.996693
2075 0.993046
2076 0.981556
2077 0.946601
2078 0.978867
2079 0.954487
2080 0.974056
2081 1.01729
2082 0.995155
2083 0.98598
2084 0.981768
2085 0.979393
2086 0.973059
2087 0.951415
2088 0.98297
2089 0.988086
2090 0.978417
2091 0.969784
2092 0.972416
2093 0.984714
2094 0.98783
2095 0.982335
2096 0.973617
2097 0.979169
2098 0.945462
2099 0.97774
2100 0.966429
2101 0.978173
2102 0.982885
2103 0.961864
2104 0.951018
2105 0.970055
2106 0.975135
2107 0.969079
2108 0.970013
2109 0.964277
2110 0.936045
2111 0.950851
2112 0.95829
2113 0.942113
2114 0.958091
2115 0.998879
2116 0.972189
2117 0.983183
2118 0.974075
2119 0.98333
2120 0.978272
2121 0.979695
2122 0.970404
2123 0.969225
2124 0.96828
2125 0.956892
2126 0.969008
2127 0.987077
2128 0.974073
2129 0.953154
2130 0.956065
2131 0.943136
2132 0.96287
2133 0.964589
2134 0.96303
2135 0.973406
2136 0.973127
2137 0.963034
2138 0.954089
2139 0.960206
2140 0.97532
2141 0.961995
2142 0.969298
2143 0.953613
2144 0.941659
2145 0.939059
2146 0.998675
2147 0.97031
2148 0.935681
2149 0.962063
2150 0.967629
2151 0.992561
2152 0.979328
2153 0.964899
2154 0.969131
2155 0.955177
2156 0.974658
2157 0.973729
2158 0.972426
2159 0.962658
2160 0.9768
2161 0.979695
2162 0.969965
2163 0.982338
2164 0.96584
2165 0.974954
2166 0.948247
2167 0.969301
2168 0.986943
2169 0.968208
2170 0.972079
2171 0.961104
2172 0.995312
2173 0.984098
2174 0.989168
2175 0.998048
2176 1.00663
2177 0.983404
2178 0.994555
2179 0.934161
2180 0.9659
2181 0.960532
2182 0.957068
2183 0.953847
2184 0.989906
2185 0.998104
2186 0.991674
2187 0.976429
2188 0.982529
2189 0.987975
2190 0.980478
2191 0.97808
2192 0.976463
2193 0.961344
2194 0.940294
2195 0.940411
2196 0.946707
2197 0.982567
2198 0.986576
2199 0.990772
2200 0.986863
2201 0.972878
2202 0.990931
2203 0.992791
2204 0.951076
2205 0.963748
2206 0.976176
2207 0.999046
2208 1.00487
2209 0.998075
2210 1.0938
2211 1.05024
2212 0.962421
2213 0.934064
2214 1.00123
2215 0.995011
2216 1.00454
2217 0.982502
2218 0.983897
2219 0.993079
2220 0.979025
2221 0.998316
2222 0.991399
2223 0.976169
2224 0.973654
2225 0.983764
2226 1.01021
2227 1.01741
2228 1.05118
2229 1.02912
2230 1.03277
2231 1.06305
2232 1.05752
2233 1.04637
2234 1.05239
2235 1.02805
2236 1.02826
2237 1.00673
2238 0.987999
2239 1.0056
2240 0.993092
2241 0.968843
2242 0.991409
2243 0.995479
2244 0.98658
2245 0.97783
2246 0.959483
2247 0.966602
2248 0.969912
2249 0.965815
2250 0.98493
2251 0.957084
2252 0.980998
2253 0.976107
2254 0.989941
2255 0.986686
2256 1.00454
2257 1.00553
2258 0.995327
2259 1.00132
2260 0.996108
2261 0.988567
2262 0.968767
2263 0.995599
2264 1.01593
2265 1.00141
2266 0.982053
2267 1.00561
2268 0.986241
2269 0.984488
2270 0.991936
2271 0.974597
2272 0.987022
2273 0.972674
2274 0.994868
2275 0.986294
2276 0.973455
2277 0.991127
2278 1.01627
2279 0.988815
2280 0.998768
2281 0.994545
2282 0.998412
2283 1.00256
2284 0.992435
2285 1.01535
2286 0.984075
2287 0.978513
2288 0.998645
2289 0.977633
2290 0.994133
2291 0.983614
2292 1.00393
2293 0.978165
2294 1.00582
2295 1.00804
2296 1.00005
2297 0.994059
2298 1.01191
2299 0.984416
2300 1.00502
2301 1.02503
2302 1.01409
2303 0.991706
2304 0.983852
2305 0.990437
2306 1.00878
2307 0.995123
2308 1.01429
2309 1.03437
2310 1.03561
2311 1.03223
2312 1.01496
2313 1.00842
2314 1.01473
2315 1.0266
2316 0.998034
2317 1.0309
2318 1.0272
2319 1.01464
2320 1.01137
2321 1.00906
2322 1.00926
2323 1.01156
2324 1.03104
2325 1.00986
2326 1.00919
2327 1.03228
2328 1.03445
2329 1.02894
2330 1.01365
2331 1.01079
2332 1.02035
2333 1.01747
2334 1.0443
2335 1.09636
2336 1.05714
2337 1.06063
2338 1.01898
2339 1.01483
2340 1.01464
2341 0.995454
2342 0.98136
2343 0.974749
2344 0.976357
2345 0.962028
2346 0.959632
2347 0.96656
2348 0.968746
2349 0.958279
2350 0.97673
2351 0.952763
2352 0.961948
2353 0.960678
2354 0.972047
2355 0.953869
2356 0.950464
2357 0.967303
2358 0.944514
2359 0.964372
2360 1.00936
2361 1.00336
2362 1.05881
2363 1.07146
2364 1.12428
2365 1.13535
2366 1.07109
2367 1.01556
2368 0.998287
2369 1.00178
2370 0.994699
2371 0.973497
2372 0.964386
2373 0.962281
2374 0.914664
2375 0.956812
2376 0.972377
2377 0.987918
2378 0.966582
2379 0.93625
2380 0.941286
2381 0.926
2382 0.935119
2383 0.953825
2384 0.952771
2385 0.936428
2386 0.949927
2387 0.92476
2388 0.939589
2389 0.940919
2390 0.945591
2391 0.924525
2392 0.950092
2393 0.951174
2394 0.979524
2395 0.969295
2396 0.950023
2397 0.973294
2398 0.983553
2399 1.0109
2400 0.987968
2401 0.997746
2402 1.0019
2403 1.00727
2404 1.00191
2405 0.995656
2406 0.980342
2407 0.951433
2408 0.949064
2409 0.951565
2410 0.953762
2411 0.965576
2412 0.918429
2413 0.955042
2414 0.958875
2415 0.976895
2416 0.981912
2417 0.961259
2418 0.948825
2419 0.92954
2420 0.938271
2421 0.940015
2422 0.922037
2423 0.941329
2424 0.961691
2425 1.01469
2426 0.989683
2427 0.998614
2428 0.973517
2429 0.991856
2430 1.00641
2431 0.984755
2432 1.01906
2433 0.984091
2434 0.999362
2435 0.985756
2436 0.994564
2437 0.990608
2438 0.96506
2439 0.951953
2440 0.927511
2441 0.942823
2442 0.971384
2443 0.950435
2444 0.951749
2445 0.923664
2446 0.93249
2447 0.932309
2448 0.918185
2449 0.911462
2450 0.946443
2451 0.971326
2452 0.937261
2453 0.964261
2454 0.957274
2455 0.977311
2456 0.992738
2457 1.02592
2458 0.982831
2459 0.970758
2460 0.983701
2461 1.00566
2462 1.01339
2463 1.0205
2464 1.04672
2465 1.07147
2466 1.10845
2467 1.06412
2468 1.03209
2469 1.02579
2470 1.02816
2471 1.03917
2472 1.03478
2473 1.01391
2474 1.0403
2475 1.02489
2476 1.03908
2477 1.03978
2478 1.0081
2479 1.01503
2480 1.00278
2481 0.993434
2482 0.988043
2483 1.02606
2484 1.00026
2485 0.994784
2486 0.997741
2487 0.986394
2488 1.0194
2489 1.03707
2490 1.0328
2491 0.980736
2492 0.972613
2493 0.989257
2494 0.977226
2495 0.997991
2496 1.01851
2497 1.02025
2498 1.0256
2499 1.02248
2500 1.08538
2501 1.07494
2502 1.05097
2503 1.02308
2504 1.04663
2505 1.02799
2506 1.05044
2507 1.02909
2508 1.03658
2509 1.03301
2510 1.02706
2511 1.0447
2512 1.01427
2513 1.00737
2514 1.00479
2515 1.00567
2516 1.00524
2517 1.01922
2518 1.00759
2519 1.02221
2520 1.0535
2521 1.03305
2522 1.03407
2523 1.01956
2524 1.00971
2525 0.998529
2526 0.992886
2527 1.01942
2528 1.04437
2529 1.0237
2530 1.03009
2531 1.01219
2532 1.01294
2533 0.988808
2534 1.02657
2535 1.0087
2536 1.02107
2537 1.01895
2538 1.02547
2539 1.05435
2540 1.02073
2541 1.00592
2542 1.02472
2543 1.01134
2544 1.00371
2545 0.988566
2546 0.99662
2547 1.02939
2548 1.03315
2549 1.00747
2550 1.00232
2551 1.00357
2552 1.0161
2553 0.990382
2554 1.0114
2555 1.00517
2556 0.999602
2557 1.00509
2558 1.02664
2559 1.00215
2560 1.02335
2561 1.00657
2562 0.999375
2563 0.991895
2564 1.00132
2565 1.00198
2566 1.01033
2567 1.01792
2568 0.999924
2569 1.00774
2570 1.02745
2571 1.02968
2572 1.00512
2573 1.007
2574 1.00791
2575 1.01451
2576 0.994447
2577 1.01993
2578 1.00388
2579 1.02013
2580 1.01305
2581 1.00631
2582 1.00778
2583 1.01068
2584 1.01044
2585 0.984587
2586 0.994671
2587 0.992023
2588 0.992792
2589 0.99157
2590 0.98808
2591 0.99948
2592 0.975441
2593 0.991742
2594 0.982693
2595 0.970884
2596 0.980831
2597 1.02758
2598 1.0115
2599 0.984393
2600 0.98094
2601 1.00218
2602 1.00502
2603 0.990583
2604 0.981751
2605 1.01497
2606 1.00723
2607 0.982577
2608 0.986818
2609 0.969538
2610 0.988927
2611 1.00038
2612 0.991503
2613 0.980235
2614 0.994681
2615 0.994921
2616 0.987945
2617 0.984825
2618 1.00772
2619 0.973637
2620 1.01178
2621 0.998748
2622 1.01479
2623 1.01574
2624 1.02792
2625 1.05474
2626 1.03863
2627 1.07122
2628 1.05771
2629 1.06199
2630 1.03053
2631 0.990969
2632 1.01273
2633 1.00336
2634 1.00677
2635 0.99877
2636 1.00907
2637 1.00645
2638 0.996431
2639 0.964359
2640 0.974253
2641 0.968268
2642 0.945061
2643 0.990097
2644 0.979164
2645 0.981462
2646 1.00096
2647 0.975724
2648 0.976742
2649 1.00166
2650 0.983133
2651 0.988566
2652 0.990145
2653 0.960764
2654 0.985919
2655 0.995153
2656 0.980152
2657 1.00995
2658 1.00724
2659 0.987447
2660 0.953367
2661 0.98524
2662 0.97446
2663 0.985836
2664 0.982155
2665 0.991428
2666 0.988459
2667 0.977271
2668 0.991713
2669 1.00477
2670 1.01436
2671 1.01259
2672 0.988056
2673 0.972232
2674 0.964375
2675 0.96638
2676 0.96286
2677 1.00153
2678 0.995477
2679 1.00541
2680 1.00863
2681 1.02017
2682 0.987085
2683 0.994219
2684 0.962075
2685 0.983794
2686 1.00737
2687 1.03262
2688 1.03973
2689 1.01612
2690 0.983508
2691 0.984312
2692 0.99411
2693 0.977523
2694 0.989782
2695 0.984432
2696 0.981852
2697 0.987855
2698 1.0085
2699 0.982652
2700 0.9687
2701 1.00155
2702 0.985024
2703 1.00318
2704 1.03062
2705 1.08713
2706 1.05369
2707 1.04595
2708 1.0123
2709 0.994766
2710 0.992299
2711 0.979421
2712 1.00356
2713 0.992653
2714 0.99793
2715 0.976247
2716 0.976996
2717 0.981282
2718 0.981497
2719 0.968956
2720 0.977114
2721 0.939342
2722 0.962768
2723 0.966639
2724 0.96949
2725 0.97877
2726 0.962557
2727 0.960742
2728 0.975739
2729 0.973091
2730 0.975262
2731 0.999533
2732 0.986272
2733 0.978936
2734 1.00991
2735 1.02915
2736 1.07345
2737 1.03441
2738 0.987981
2739 0.96812
2740 0.979568
2741 0.962903
2742 0.966261
2743 0.959749
2744 0.990863
2745 0.976098
2746 0.987336
2747 0.980902
2748 0.96254
2749 0.982289
2750 0.958562
2751 0.976736
2752 1.02287
2753 1.04787
2754 1.067
2755 1.03133
2756 0.993497
2757 0.982898
2758 0.988176
2759 0.96967
2760 0.985464
2761 0.991008
2762 1.00808
2763 0.980598
2764 0.977623
2765 0.963663
2766 0.980042
2767 0.979318
2768 0.982049
2769 0.990941
2770 1.00367
2771 0.991519
2772 0.982142
2773 0.949143
2774 0.982013
2775 0.970494
2776 0.981853
2777 0.975331
2778 1.00284
2779 0.969037
2780 0.995703
2781 0.991901
2782 0.984233
2783 0.98617
2784 0.969502
2785 1.0255
2786 0.989095
2787 0.968714
2788 0.983702
2789 1.00087
2790 0.99695
2791 1.00398
2792 1.01215
2793 1.00336
2794 1.0105
2795 0.993267
2796 0.995462
2797 1.03448
2798 1.01765
2799 1.00383
2800 1.00979
2801 1.01507
2802 0.990559
2803 0.986561
2804 1.00601
2805 0.996423
2806 0.993361
2807 0.980678
2808 0.982087
2809 0.973114
2810 0.974638
2811 0.953795
2812 0.994883
2813 0.997009
2814 0.996177
2815 0.984424
2816 0.980851
2817 0.995342
2818 0.992361
2819 0.987942
2820 0.986529
2821 0.99011
2822 1.00173
2823 1.00076
2824 0.96743
2825 0.966793
2826 0.967392
2827 0.981952
2828 0.983612
2829 0.97963
2830 0.996082
2831 0.972998
2832 0.996227
2833 0.973109
2834 0.985928
2835 0.978482
2836 0.993082
2837 0.995399
2838 1.00821
2839 0.987829
2840 1.00496
2841 0.97479
2842 0.970213
2843 0.984631
2844 0.995631
2845 1.00058
2846 1.01572
2847 1.02211
2848 0.987093
2849 0.978612
2850 1.01265
2851 0.993874
2852 0.984716
2853 1.00054
2854 1.01129
2855 1.01736
2856 0.992528
2857 0.990245
2858 0.999239
2859 1.00614
2860 0.988913
2861 0.971144
2862 1.00365
2863 0.9963
2864 0.986565
2865 0.985725
2866 0.985072
2867 1.00793
2868 1.00142
2869 1.01526
2870 1.00394
2871 0.997899
2872 0.98887
2873 0.987178
2874 0.981858
2875 0.99593
2876 0.964441
2877 0.999928
2878 0.972262
2879 0.970472
2880 1.00245
2881 1.0011
2882 0.997471
2883 0.983269
2884 1.00078
2885 0.99995
2886 0.962835
2887 0.994756
2888 0.960963
2889 1.01311
2890 1.00165
2891 0.949577
2892 0.974693
2893 1.00475
2894 0.986433
2895 0.997691
2896 0.994048
2897 0.985082
2898 0.977643
2899 0.986391
2900 0.979781
2901 1.02607
2902 0.980669
2903 1.00588
2904 1.00922
2905 0.99978
2906 0.994258
2907 1.02128
2908 1.0058
2909 1.04384
2910 1.0439
2911 1.07202
2912 1.11302
2913 1.08015
2914 1.02076
2915 0.977997
2916 0.992751
2917 0.988577
2918 1.01437
2919 1.0182
2920 1.0168
2921 1.00945
2922 1.0102
2923 1.01224
2924 1.0096
2925 1.03172
2926 1.03579
2927 1.01918
2928 1.03892
2929 1.09267
2930 1.09412
2931 1.04851
2932 1.03974
2933 1.01019
2934 1.02549
2935 1.01403
2936 1.01587
2937 1.01647
2938 1.01594
2939 1.00033
2940 1.02032
2941 0.989636
2942 0.988636
2943 0.993171
2944 1.00731
2945 1.03488
2946 1.02978
2947 1.02043
2948 1.01341
2949 1.00608
2950 1.00519
2951 1.02787
2952 0.987401
2953 0.999545
2954 0.998035
2955 1.00038
2956 1.00503
2957 0.997297
2958 0.995943
2959 1.01191
2960 0.997822
2961 1.00777
2962 1.00146
2963 1.019
2964 1.02117
2965 1.01922
2966 1.00814
2967 1.03367
2968 1.03448
2969 1.01287
2970 0.993862
2971 0.992965
2972 1.00632
2973 1.00262
2974 1.01702
2975 1.00694
2976 1.01183
2977 0.995448
2978 1.01372
2979 1.00251
2980 1.00333
2981 1.00105
2982 1.0119
2983 1.00695
2984 1.02818
2985 1.02642
2986 1.0089
2987 0.98963
2988 0.972768
2989 0.971091
2990 0.985186
2991 1.01572
2992 1.00749
2993 0.985588
2994 0.995547
2995 1.01411
2996 0.989174
2997 0.987051
2998 1.00873
2999 0.994893
3000 1.00849
3001 0.985969
3002 1.01366
3003 1.02517
3004 0.979259
3005 0.972594
3006 0.958853
3007 1.02309
3008 1.00834
3009 0.997037
3010 1.03974
3011 1.01366
3012 1.04113
3013 1.00959
3014 1.03449
3015 1.01737
3016 1.01351
3017 1.0002
3018 1.02223
3019 1.03079
3020 1.03081
3021 0.998379
3022 0.952791
3023 0.949309
3024 0.993082
3025 0.967213
3026 0.992311
3027 1.00323
3028 1.02903
3029 1.02256
3030 0.998377
3031 1.01869
3032 1.03284
3033 1.01457
3034 1.02889
3035 1.03431
3036 1.01957
3037 1.03125
3038 1.02603
3039 1.00979
3040 1.02955
3041 1.02533
3042 1.03034
3043 1.00926
3044 1.02623
3045 1.054
3046 1.0368
3047 1.00547
3048 1.01083
3049 1.00199
3050 1.00559
3051 1.02653
3052 1.02748
3053 1.03961
3054 1.04226
3055 1.02298
3056 1.00398
3057 1.02325
3058 1.02137
3059 1.02723
3060 1.03269
3061 1.05485
3062 1.03686
3063 1.03468
3064 1.05138
3065 1.02376
3066 1.01341
3067 0.977567
3068 1.00464
3069 1.01457
3070 1.02612
3071 1.02094
3072 1.05164
3073 1.00798
3074 1.00338
3075 1.05258
3076 1.00386
3077 1.01888
3078 1.00396
3079 0.99649
3080 0.993225
3081 1.01756
3082 1.04324
3083 1.00164
3084 0.990749
3085 1.05005
3086 1.03804
3087 1.04345
3088 1.03524
3089 1.03687
3090 1.05215
3091 1.02416
3092 1.04505
3093 1.05059
3094 1.02764
3095 1.05446
3096 1.05459
3097 1.04457
3098 1.01511
3099 1.03838
3100 1.0122
3101 1.02483
3102 1.03111
3103 1.03224
3104 1.03539
3105 1.05484
3106 1.00952
3107 1.00607
3108 1.0114
3109 1.02179
3110 1.02765
3111 1.00011
3112 1.01646
3113 0.989233
3114 1.01498
3115 0.995728
3116 1.01479
3117 1.02807
3118 1.02624
3119 1.01072
3120 1.04484
3121 1.03759
3122 1.0221
3123 1.01944
3124 1.03698
3125 1.05952
3126 1.02729
3127 1.03341
3128 1.02258
3129 1.0422
3130 1.02217
3131 1.01625
3132 1.02682
3133 1.03807
3134 1.02033
3135 1.04285
3136 1.00585
3137 1.03028
3138 1.02727
3139 1.03555
3140 1.03592
3141 1.03425
3142 1.01637
3143 1.0082
3144 1.0234
3145 1.02143
3146 1.0072
3147 1.00563
3148 1.03957
3149 1.02825
3150 1.03023
3151 1.02106
3152 1.0156
3153 1.02804
3154 1.04225
3155 1.03632
3156 1.0441
3157 1.00866
3158 1.02446
3159 1.03307
3160 1.02851
3161 1.01651
3162 1.02325
3163 1.01953
3164 1.01898
3165 1.04224
3166 1.01421
3167 1.00694
3168 1.00495
3169 0.992692
3170 0.987772
3171 0.986649
3172 0.989194
3173 0.982419
3174 0.991031
3175 0.990927
3176 0.994405
3177 0.989115
3178 1.00705
3179 1.01791
3180 1.00468
3181 1.00083
3182 1.01589
3183 0.996071
3184 1.03266
3185 0.999167
3186 1.02492
3187 1.00124
3188 1.01029
3189 1.02828
3190 1.01132
3191 0.978708
3192 1.0246
3193 1.00773
3194 0.99424
3195 1.02476
3196 1.02679
3197 1.01169
3198 1.02155
3199 1.01408
3200 1.02722
3201 1.01526
3202 1.02179
3203 1.02547
3204 1.00992
3205 1.00579
3206 0.99016
3207 0.986066
3208 1.01928
3209 1.02778
3210 1.03024
3211 0.988557
3212 1.0169
3213 0.99953
3214 1.01754
3215 0.991924
3216 0.994052
3217 0.991427
3218 0.977184
3219 1.03611
3220 1.00379
3221 0.998324
3222 0.989952
3223 0.993024
3224 0.987592
3225 0.998429
3226 0.968138
3227 0.989038
3228 0.985205
3229 0.9838
3230 1.02423
3231 1.04339
3232 1.01291
3233 1.00733
3234 1.05127
3235 1.02959
3236 1.04621
3237 1.02483
3238 1.03445
3239 1.01728
3240 1.03245
3241 1.00121
3242 0.991771
3243 1.00221
3244 0.994744
3245 1.03725
3246 1.0094
3247 1.00757
3248 1.03389
3249 1.00372
3250 0.989585
3251 0.976352
3252 0.984544
3253 0.99517
3254 0.988666
3255 1.02643
3256 1.00073
3257 0.99592
3258 0.963384
3259 0.975776
3260 1.0079
3261 0.964967
3262 0.946656
3263 1.00349
3264 0.981603
3265 1.00809
3266 0.959871
3267 0.997723
3268 0.995
3269 0.953698
3270 0.971859
3271 1.01231
3272 0.956142
3273 0.952277
3274 1.00412
3275 0.948584
3276 0.985346
3277 0.960767
3278 0.96811
3279 0.992631
3280 0.989375
3281 0.997671
3282 0.961814
3283 1.00161
3284 0.989214
3285 0.990221
3286 1.02332
3287 0.972677
3288 1.00967
3289 0.981112
3290 1.00562
3291 1.00446
3292 0.97754
3293 1.01704
3294 1.00795
3295 1.02648
3296 1.00178
3297 1.02326
3298 0.98317
3299 0.979381
3300 0.955559
3301 0.956204
3302 1.00126
3303 0.989862
3304 0.97885
3305 1.00029
3306 1.00143
3307 0.967078
3308 0.985627
3309 0.96615
3310 0.982429
3311 0.963324
3312 0.966158
3313 0.985285
3314 0.953252
3315 0.98928
3316 0.973688
3317 0.964811
3318 0.973884
3319 0.984876
3320 0.981916
3321 0.96917
3322 0.963675
3323 0.97015
3324 0.982448
3325 0.967571
3326 0.974617
3327 0.96024
3328 0.937026
3329 0.959853
3330 0.95857
3331 0.972648
3332 0.976864
3333 0.953758
3334 0.932816
3335 0.966364
3336 0.963833
3337 0.988982
3338 0.94761
3339 0.954401
3340 1.0061
3341 0.976282
3342 0.970197
3343 0.984411
3344 0.963287
3345 0.981592
3346 0.99597
3347 1.00052
3348 0.991211
3349 0.987292
3350 1.01985
3351 0.985252
3352 0.980846
3353 0.998206
3354 0.99937
3355 0.990153
3356 1.006
3357 0.998966
3358 0.979298
3359 0.987021
3360 1.00576
3361 0.974273
3362 0.954377
3363 0.963886
3364 0.972014
3365 0.980035
3366 0.976521
3367 0.97338
3368 0.979397
3369 0.975018
3370 0.982276
3371 0.992781
3372 0.964994
3373 1.00433
3374 0.985373
3375 0.983229
3376 0.967438
3377 0.97172
3378 0.977473
3379 0.957829
3380 0.964165
3381 0.964624
3382 0.989061
3383 0.982295
3384 0.97264
3385 0.983581
3386 0.983626
3387 0.994747
3388 1.00019
3389 0.958868
3390 0.990551
3391 0.995973
3392 0.972286
3393 1.01009
3394 0.990396
3395 0.984214
3396 0.986955
3397 0.989859
3398 1.00139
3399 0.980089
3400 0.978848
3401 0.979296
3402 0.975832
3403 0.965402
3404 0.965473
3405 0.966492
3406 0.971303
3407 0.987442
3408 0.984964
3409 0.996042
3410 0.987176
3411 0.963994
3412 0.979266
3413 0.98041
3414 0.966894
3415 0.967229
3416 0.956376
3417 0.908635
3418 0.927313
3419 0.953645
3420 0.987401
3421 0.958146
3422 0.97254
3423 0.961265
3424 0.980821
3425 0.973789
3426 0.987765
3427 0.9732
3428 0.958119
3429 0.928694
3430 0.953613
3431 0.948871
3432 0.947611
3433 0.947629
3434 0.953322
3435 0.96719
3436 0.963884
3437 0.981916
3438 0.948588
3439 0.980073
3440 0.971843
3441 0.956431
3442 0.964176
3443 0.964565
3444 0.953844
3445 0.968716
3446 0.988267
3447 0.976991
3448 0.999238
3449 0.980498
3450 0.984232
3451 0.99999
3452 1.01924
3453 1.05705
3454 1.02243
3455 1
3456 1
