# This file is used to translate between channel ID, wire ID, and geometry.
#
# channel: channel ID
# plane: plane number (0 == U, 1 == V, 2 == Z)
# wire: wire ID on that plane
# sx, sy, sz: starting (x,y,z) position of the wire in cm
# ex, ey, ez: ending (x,y,z) position of the wire in cm
#
# channel   plane   wire    sx  sy  sz  ex  ey  ez
0 0 0 -0.0225 111.993 50.8929 -0.0225 113.142 49.7157
1 0 1 -0.0225 111.312 50.8929 -0.0225 113.142 49.0172
2 0 2 -0.0225 110.63 50.8929 -0.0225 113.142 48.3187
3 0 3 -0.0225 109.949 50.8929 -0.0225 113.142 47.6201
4 0 4 -0.0225 109.267 50.8929 -0.0225 113.142 46.9216
5 0 5 -0.0225 108.586 50.8929 -0.0225 113.142 46.2231
6 0 6 -0.0225 107.904 50.8929 -0.0225 113.142 45.5246
7 0 7 -0.0225 107.223 50.8929 -0.0225 113.142 44.8261
8 0 8 -0.0225 106.541 50.8929 -0.0225 113.142 44.1276
9 0 9 -0.0225 105.86 50.8929 -0.0225 113.142 43.429
10 0 10 -0.0225 105.178 50.8929 -0.0225 113.142 42.7305
11 0 11 -0.0225 104.497 50.8929 -0.0225 113.142 42.032
12 0 12 -0.0225 103.815 50.8929 -0.0225 113.142 41.3335
13 0 13 -0.0225 103.134 50.8929 -0.0225 113.142 40.635
14 0 14 -0.0225 102.452 50.8929 -0.0225 113.142 39.9365
15 0 15 -0.0225 101.77 50.8929 -0.0225 113.142 39.2379
16 0 16 -0.0225 101.089 50.8929 -0.0225 113.142 38.5394
17 0 17 -0.0225 100.407 50.8929 -0.0225 113.142 37.8409
18 0 18 -0.0225 99.7258 50.8929 -0.0225 113.142 37.1424
19 0 19 -0.0225 99.0443 50.8929 -0.0225 113.142 36.4439
20 0 20 -0.0225 98.3628 50.8929 -0.0225 113.142 35.7454
21 0 21 -0.0225 97.6812 50.8929 -0.0225 113.142 35.0468
22 0 22 -0.0225 96.9997 50.8929 -0.0225 113.142 34.3483
23 0 23 -0.0225 96.3182 50.8929 -0.0225 113.142 33.6498
24 0 24 -0.0225 95.6366 50.8929 -0.0225 113.142 32.9513
25 0 25 -0.0225 94.9551 50.8929 -0.0225 113.142 32.2528
26 0 26 -0.0225 94.2736 50.8929 -0.0225 113.142 31.5543
27 0 27 -0.0225 93.592 50.8929 -0.0225 113.142 30.8558
28 0 28 -0.0225 92.9105 50.8929 -0.0225 113.142 30.1572
29 0 29 -0.0225 92.229 50.8929 -0.0225 113.142 29.4587
30 0 30 -0.0225 91.5474 50.8929 -0.0225 113.142 28.7602
31 0 31 -0.0225 90.8659 50.8929 -0.0225 113.142 28.0617
32 0 32 -0.0225 90.1844 50.8929 -0.0225 113.142 27.3632
33 0 33 -0.0225 89.5028 50.8929 -0.0225 113.142 26.6647
34 0 34 -0.0225 88.8213 50.8929 -0.0225 113.142 25.9661
35 0 35 -0.0225 88.1398 50.8929 -0.0225 113.142 25.2676
36 0 36 -0.0225 87.4582 50.8929 -0.0225 113.142 24.5691
37 0 37 -0.0225 86.7767 50.8929 -0.0225 113.142 23.8706
38 0 38 -0.0225 86.0952 50.8929 -0.0225 113.142 23.1721
39 0 39 -0.0225 85.4136 50.8929 -0.0225 113.142 22.4736
40 0 40 -0.0225 84.7321 50.8929 -0.0225 113.142 21.775
41 0 41 -0.0225 84.0506 50.8929 -0.0225 113.142 21.0765
42 0 42 -0.0225 83.369 50.8929 -0.0225 113.142 20.378
43 0 43 -0.0225 82.6875 50.8929 -0.0225 113.142 19.6795
44 0 44 -0.0225 82.0059 50.8929 -0.0225 113.142 18.981
45 0 45 -0.0225 81.3244 50.8929 -0.0225 113.142 18.2825
46 0 46 -0.0225 80.6429 50.8929 -0.0225 113.142 17.5839
47 0 47 -0.0225 79.9613 50.8929 -0.0225 113.142 16.8854
48 0 48 -0.0225 79.2798 50.8929 -0.0225 113.142 16.1869
49 0 49 -0.0225 78.5983 50.8929 -0.0225 113.142 15.4884
50 0 50 -0.0225 77.9167 50.8929 -0.0225 113.142 14.7899
51 0 51 -0.0225 77.2352 50.8929 -0.0225 113.142 14.0914
52 0 52 -0.0225 76.5537 50.8929 -0.0225 113.142 13.3929
53 0 53 -0.0225 75.8721 50.8929 -0.0225 113.142 12.6943
54 0 54 -0.0225 75.1906 50.8929 -0.0225 113.142 11.9958
55 0 55 -0.0225 74.5091 50.8929 -0.0225 113.142 11.2973
56 0 56 -0.0225 73.8275 50.8929 -0.0225 113.142 10.5988
57 0 57 -0.0225 73.146 50.8929 -0.0225 113.142 9.90027
58 0 58 -0.0225 72.4645 50.8929 -0.0225 113.142 9.20176
59 0 59 -0.0225 71.7829 50.8929 -0.0225 113.142 8.50324
60 0 60 -0.0225 71.1014 50.8929 -0.0225 113.142 7.80473
61 0 61 -0.0225 70.4199 50.8929 -0.0225 113.142 7.10621
62 0 62 -0.0225 69.7383 50.8929 -0.0225 113.142 6.40769
63 0 63 -0.0225 69.0568 50.8929 -0.0225 113.142 5.70918
64 0 64 -0.0225 68.3753 50.8929 -0.0225 113.142 5.01066
65 0 65 -0.0225 67.6937 50.8929 -0.0225 113.142 4.31215
66 0 66 -0.0225 67.0122 50.8929 -0.0225 113.142 3.61363
67 0 67 -0.0225 66.3307 50.8929 -0.0225 113.142 2.91511
68 0 68 -0.0225 65.6491 50.8929 -0.0225 113.142 2.2166
69 0 69 -0.0225 64.9676 50.8929 -0.0225 113.142 1.51808
70 0 70 -0.0225 64.2861 50.8929 -0.0225 113.142 0.819566
71 0 71 -0.0225 63.6045 50.8929 -0.0225 113.142 0.12105
72 0 72 -0.0225 62.923 50.8929 -0.0225 112.579 3.55271e-15
73 0 73 -0.0225 62.2415 50.8929 -0.0225 111.897 3.55271e-15
74 0 74 -0.0225 61.5599 50.8929 -0.0225 111.216 3.55271e-15
75 0 75 -0.0225 60.8784 50.8929 -0.0225 110.534 3.55271e-15
76 0 76 -0.0225 60.1969 50.8929 -0.0225 109.852 3.55271e-15
77 0 77 -0.0225 59.5153 50.8929 -0.0225 109.171 3.55271e-15
78 0 78 -0.0225 58.8338 50.8929 -0.0225 108.489 3.55271e-15
79 0 79 -0.0225 58.1523 50.8929 -0.0225 107.808 3.55271e-15
80 0 80 -0.0225 57.4707 50.8929 -0.0225 107.126 3.55271e-15
81 0 81 -0.0225 56.7892 50.8929 -0.0225 106.445 3.55271e-15
82 0 82 -0.0225 56.1076 50.8929 -0.0225 105.763 3.55271e-15
83 0 83 -0.0225 55.4261 50.8929 -0.0225 105.082 3.55271e-15
84 0 84 -0.0225 54.7446 50.8929 -0.0225 104.4 3.55271e-15
85 0 85 -0.0225 54.063 50.8929 -0.0225 103.719 3.55271e-15
86 0 86 -0.0225 53.3815 50.8929 -0.0225 103.037 3.55271e-15
87 0 87 -0.0225 52.7 50.8929 -0.0225 102.356 3.55271e-15
88 0 88 -0.0225 52.0184 50.8929 -0.0225 101.674 3.55271e-15
89 0 89 -0.0225 51.3369 50.8929 -0.0225 100.993 3.55271e-15
90 0 90 -0.0225 50.6554 50.8929 -0.0225 100.311 3.55271e-15
91 0 91 -0.0225 49.9738 50.8929 -0.0225 99.6295 3.55271e-15
92 0 92 -0.0225 49.2923 50.8929 -0.0225 98.9479 3.55271e-15
93 0 93 -0.0225 48.6108 50.8929 -0.0225 98.2664 3.55271e-15
94 0 94 -0.0225 47.9292 50.8929 -0.0225 97.5849 3.55271e-15
95 0 95 -0.0225 47.2477 50.8929 -0.0225 96.9033 3.55271e-15
96 0 96 -0.0225 46.5662 50.8929 -0.0225 96.2218 3.55271e-15
97 0 97 -0.0225 45.8846 50.8929 -0.0225 95.5403 3.55271e-15
98 0 98 -0.0225 45.2031 50.8929 -0.0225 94.8587 3.55271e-15
99 0 99 -0.0225 44.5216 50.8929 -0.0225 94.1772 3.55271e-15
100 0 100 -0.0225 43.84 50.8929 -0.0225 93.4957 3.55271e-15
101 0 101 -0.0225 43.1585 50.8929 -0.0225 92.8141 3.55271e-15
102 0 102 -0.0225 42.477 50.8929 -0.0225 92.1326 3.55271e-15
103 0 103 -0.0225 41.7954 50.8929 -0.0225 91.4511 3.55271e-15
104 0 104 -0.0225 41.1139 50.8929 -0.0225 90.7695 3.55271e-15
105 0 105 -0.0225 40.4324 50.8929 -0.0225 90.088 3.55271e-15
106 0 106 -0.0225 39.7508 50.8929 -0.0225 89.4065 3.55271e-15
107 0 107 -0.0225 39.0693 50.8929 -0.0225 88.7249 3.55271e-15
108 0 108 -0.0225 38.3878 50.8929 -0.0225 88.0434 3.55271e-15
109 0 109 -0.0225 37.7062 50.8929 -0.0225 87.3619 3.55271e-15
110 0 110 -0.0225 37.0247 50.8929 -0.0225 86.6803 3.55271e-15
111 0 111 -0.0225 36.3432 50.8929 -0.0225 85.9988 3.55271e-15
112 0 112 -0.0225 35.6616 50.8929 -0.0225 85.3173 3.55271e-15
113 0 113 -0.0225 34.9801 50.8929 -0.0225 84.6357 3.55271e-15
114 0 114 -0.0225 34.2986 50.8929 -0.0225 83.9542 3.55271e-15
115 0 115 -0.0225 33.617 50.8929 -0.0225 83.2727 3.55271e-15
116 0 116 -0.0225 32.9355 50.8929 -0.0225 82.5911 3.55271e-15
117 0 117 -0.0225 32.254 50.8929 -0.0225 81.9096 3.55271e-15
118 0 118 -0.0225 31.5724 50.8929 -0.0225 81.228 3.55271e-15
119 0 119 -0.0225 30.8909 50.8929 -0.0225 80.5465 3.55271e-15
120 0 120 -0.0225 30.2093 50.8929 -0.0225 79.865 3.55271e-15
121 0 121 -0.0225 29.5278 50.8929 -0.0225 79.1834 3.55271e-15
122 0 122 -0.0225 28.8463 50.8929 -0.0225 78.5019 3.55271e-15
123 0 123 -0.0225 28.1647 50.8929 -0.0225 77.8204 3.55271e-15
124 0 124 -0.0225 27.4832 50.8929 -0.0225 77.1388 3.55271e-15
125 0 125 -0.0225 26.8017 50.8929 -0.0225 76.4573 3.55271e-15
126 0 126 -0.0225 26.1201 50.8929 -0.0225 75.7758 3.55271e-15
127 0 127 -0.0225 25.4386 50.8929 -0.0225 75.0942 3.55271e-15
128 0 128 -0.0225 24.7571 50.8929 -0.0225 74.4127 3.55271e-15
129 0 129 -0.0225 24.0755 50.8929 -0.0225 73.7312 3.55271e-15
130 0 130 -0.0225 23.394 50.8929 -0.0225 73.0496 3.55271e-15
131 0 131 -0.0225 22.7125 50.8929 -0.0225 72.3681 3.55271e-15
132 0 132 -0.0225 22.0309 50.8929 -0.0225 71.6866 3.55271e-15
133 0 133 -0.0225 21.3494 50.8929 -0.0225 71.005 3.55271e-15
134 0 134 -0.0225 20.6679 50.8929 -0.0225 70.3235 3.55271e-15
135 0 135 -0.0225 19.9863 50.8929 -0.0225 69.642 3.55271e-15
136 0 136 -0.0225 19.3048 50.8929 -0.0225 68.9604 3.55271e-15
137 0 137 -0.0225 18.6233 50.8929 -0.0225 68.2789 3.55271e-15
138 0 138 -0.0225 17.9417 50.8929 -0.0225 67.5974 3.55271e-15
139 0 139 -0.0225 17.2602 50.8929 -0.0225 66.9158 3.55271e-15
140 0 140 -0.0225 16.5787 50.8929 -0.0225 66.2343 3.55271e-15
141 0 141 -0.0225 15.8971 50.8929 -0.0225 65.5528 3.55271e-15
142 0 142 -0.0225 15.2156 50.8929 -0.0225 64.8712 3.55271e-15
143 0 143 -0.0225 14.5341 50.8929 -0.0225 64.1897 3.55271e-15
144 0 144 -0.0225 13.8525 50.8929 -0.0225 63.5082 3.55271e-15
145 0 145 -0.0225 13.171 50.8929 -0.0225 62.8266 3.55271e-15
146 0 146 -0.0225 12.4895 50.8929 -0.0225 62.1451 3.55271e-15
147 0 147 -0.0225 11.8079 50.8929 -0.0225 61.4636 3.55271e-15
148 0 148 -0.0225 11.1264 50.8929 -0.0225 60.782 3.55271e-15
149 0 149 -0.0225 10.4449 50.8929 -0.0225 60.1005 3.55271e-15
150 0 150 -0.0225 9.76332 50.8929 -0.0225 59.419 3.55271e-15
151 0 151 -0.0225 9.08179 50.8929 -0.0225 58.7374 3.55271e-15
152 0 152 -0.0225 8.40025 50.8929 -0.0225 58.0559 3.55271e-15
153 0 153 -0.0225 7.71872 50.8929 -0.0225 57.3744 3.55271e-15
154 0 154 -0.0225 7.03719 50.8929 -0.0225 56.6928 3.55271e-15
155 0 155 -0.0225 6.35565 50.8929 -0.0225 56.0113 3.55271e-15
156 0 156 -0.0225 5.67412 50.8929 -0.0225 55.3297 3.55271e-15
157 0 157 -0.0225 4.99258 50.8929 -0.0225 54.6482 3.55271e-15
158 0 158 -0.0225 4.31105 50.8929 -0.0225 53.9667 3.55271e-15
159 0 159 -0.0225 3.62951 50.8929 -0.0225 53.2851 3.55271e-15
160 0 160 -0.0225 2.94798 50.8929 -0.0225 52.6036 3.55271e-15
161 0 161 -0.0225 2.26645 50.8929 -0.0225 51.9221 3.55271e-15
162 0 162 -0.0225 1.58491 50.8929 -0.0225 51.2405 3.55271e-15
163 0 163 -0.0225 0.903378 50.8929 -0.0225 50.559 3.55271e-15
164 0 164 -0.0225 0.221844 50.8929 -0.0225 49.8775 3.55271e-15
165 0 165 -0.0225 -0.45969 50.8929 -0.0225 49.1959 3.55271e-15
166 0 166 -0.0225 -1.14122 50.8929 -0.0225 48.5144 3.55271e-15
167 0 167 -0.0225 -1.82276 50.8929 -0.0225 47.8329 3.55271e-15
168 0 168 -0.0225 -2.50429 50.8929 -0.0225 47.1513 3.55271e-15
169 0 169 -0.0225 -3.18583 50.8929 -0.0225 46.4698 3.55271e-15
170 0 170 -0.0225 -3.86736 50.8929 -0.0225 45.7883 3.55271e-15
171 0 171 -0.0225 -4.5489 50.8929 -0.0225 45.1067 3.55271e-15
172 0 172 -0.0225 -5.23043 50.8929 -0.0225 44.4252 3.55271e-15
173 0 173 -0.0225 -5.91196 50.8929 -0.0225 43.7437 3.55271e-15
174 0 174 -0.0225 -6.5935 50.8929 -0.0225 43.0621 3.55271e-15
175 0 175 -0.0225 -7.27503 50.8929 -0.0225 42.3806 3.55271e-15
176 0 176 -0.0225 -7.95657 50.8929 -0.0225 41.6991 3.55271e-15
177 0 177 -0.0225 -8.6381 50.8929 -0.0225 41.0175 3.55271e-15
178 0 178 -0.0225 -9.31964 50.8929 -0.0225 40.336 3.55271e-15
179 0 179 -0.0225 -10.0012 50.8929 -0.0225 39.6545 3.55271e-15
180 0 180 -0.0225 -10.6827 50.8929 -0.0225 38.9729 3.55271e-15
181 0 181 -0.0225 -11.3642 50.8929 -0.0225 38.2914 3.55271e-15
182 0 182 -0.0225 -12.0458 50.8929 -0.0225 37.6099 3.55271e-15
183 0 183 -0.0225 -12.7273 50.8929 -0.0225 36.9283 3.55271e-15
184 0 184 -0.0225 -13.4088 50.8929 -0.0225 36.2468 3.55271e-15
185 0 185 -0.0225 -14.0904 50.8929 -0.0225 35.5653 3.55271e-15
186 0 186 -0.0225 -14.7719 50.8929 -0.0225 34.8837 3.55271e-15
187 0 187 -0.0225 -15.4534 50.8929 -0.0225 34.2022 3.55271e-15
188 0 188 -0.0225 -16.135 50.8929 -0.0225 33.5207 3.55271e-15
189 0 189 -0.0225 -16.8165 50.8929 -0.0225 32.8391 3.55271e-15
190 0 190 -0.0225 -17.498 50.8929 -0.0225 32.1576 3.55271e-15
191 0 191 -0.0225 -18.1796 50.8929 -0.0225 31.4761 3.55271e-15
192 0 192 -0.0225 -18.8611 50.8929 -0.0225 30.7945 3.55271e-15
193 0 193 -0.0225 -19.5426 50.8929 -0.0225 30.113 3.55271e-15
194 0 194 -0.0225 -20.2242 50.8929 -0.0225 29.4314 3.55271e-15
195 0 195 -0.0225 -20.9057 50.8929 -0.0225 28.7499 3.55271e-15
196 0 196 -0.0225 -21.5873 50.8929 -0.0225 28.0684 3.55271e-15
197 0 197 -0.0225 -22.2688 50.8929 -0.0225 27.3868 3.55271e-15
198 0 198 -0.0225 -22.9503 50.8929 -0.0225 26.7053 3.55271e-15
199 0 199 -0.0225 -23.6319 50.8929 -0.0225 26.0238 3.55271e-15
200 0 200 -0.0225 -24.3134 50.8929 -0.0225 25.3422 3.55271e-15
201 0 201 -0.0225 -24.9949 50.8929 -0.0225 24.6607 3.55271e-15
202 0 202 -0.0225 -25.6765 50.8929 -0.0225 23.9792 3.55271e-15
203 0 203 -0.0225 -26.358 50.8929 -0.0225 23.2976 3.55271e-15
204 0 204 -0.0225 -27.0395 50.8929 -0.0225 22.6161 3.55271e-15
205 0 205 -0.0225 -27.7211 50.8929 -0.0225 21.9346 3.55271e-15
206 0 206 -0.0225 -28.4026 50.8929 -0.0225 21.253 3.55271e-15
207 0 207 -0.0225 -29.0841 50.8929 -0.0225 20.5715 3.55271e-15
208 0 208 -0.0225 -29.7657 50.8929 -0.0225 19.89 3.55271e-15
209 0 209 -0.0225 -30.4472 50.8929 -0.0225 19.2084 3.55271e-15
210 0 210 -0.0225 -31.1287 50.8929 -0.0225 18.5269 3.55271e-15
211 0 211 -0.0225 -31.8103 50.8929 -0.0225 17.8454 3.55271e-15
212 0 212 -0.0225 -32.4918 50.8929 -0.0225 17.1638 3.55271e-15
213 0 213 -0.0225 -33.1733 50.8929 -0.0225 16.4823 3.55271e-15
214 0 214 -0.0225 -33.8549 50.8929 -0.0225 15.8008 3.55271e-15
215 0 215 -0.0225 -34.5364 50.8929 -0.0225 15.1192 3.55271e-15
216 0 216 -0.0225 -35.2179 50.8929 -0.0225 14.4377 3.55271e-15
217 0 217 -0.0225 -35.8995 50.8929 -0.0225 13.7562 3.55271e-15
218 0 218 -0.0225 -36.581 50.8929 -0.0225 13.0746 3.55271e-15
219 0 219 -0.0225 -37.2625 50.8929 -0.0225 12.3931 3.55271e-15
220 0 220 -0.0225 -37.9441 50.8929 -0.0225 11.7116 3.55271e-15
221 0 221 -0.0225 -38.6256 50.8929 -0.0225 11.03 3.55271e-15
222 0 222 -0.0225 -39.3071 50.8929 -0.0225 10.3485 3.55271e-15
223 0 223 -0.0225 -39.9887 50.8929 -0.0225 9.66696 3.55271e-15
224 0 224 -0.0225 -40.6702 50.8929 -0.0225 8.98542 3.55271e-15
225 0 225 -0.0225 -41.3517 50.8929 -0.0225 8.30389 3.55271e-15
226 0 226 -0.0225 -42.0333 50.8929 -0.0225 7.62235 3.55271e-15
227 0 227 -0.0225 -42.7148 50.8929 -0.0225 6.94082 3.55271e-15
228 0 228 -0.0225 -43.3963 50.8929 -0.0225 6.25928 3.55271e-15
229 0 229 -0.0225 -44.0779 50.8929 -0.0225 5.57775 3.55271e-15
230 0 230 -0.0225 -44.7594 50.8929 -0.0225 4.89622 3.55271e-15
231 0 231 -0.0225 -45.4409 50.8929 -0.0225 4.21468 3.55271e-15
232 0 232 -0.0225 -46.1225 50.8929 -0.0225 3.53315 3.55271e-15
233 0 233 -0.0225 -46.804 50.8929 -0.0225 2.85161 3.55271e-15
234 0 234 -0.0225 -47.4856 50.8929 -0.0225 2.17008 3.55271e-15
235 0 235 -0.0225 -48.1671 50.8929 -0.0225 1.48855 3.55271e-15
236 0 236 -0.0225 -48.8486 50.8929 -0.0225 0.807011 3.55271e-15
237 0 237 -0.0225 -49.5302 50.8929 -0.0225 0.125477 3.55271e-15
238 0 238 -0.0225 -50.2117 50.8929 -0.0225 -0.556057 3.55271e-15
239 0 239 -0.0225 -50.8932 50.8929 -0.0225 -1.23759 3.55271e-15
240 0 240 -0.0225 -51.5748 50.8929 -0.0225 -1.91913 3.55271e-15
241 0 241 -0.0225 -52.2563 50.8929 -0.0225 -2.60066 3.55271e-15
242 0 242 -0.0225 -52.9378 50.8929 -0.0225 -3.28219 3.55271e-15
243 0 243 -0.0225 -53.6194 50.8929 -0.0225 -3.96373 3.55271e-15
244 0 244 -0.0225 -54.3009 50.8929 -0.0225 -4.64526 3.55271e-15
245 0 245 -0.0225 -54.9824 50.8929 -0.0225 -5.3268 3.55271e-15
246 0 246 -0.0225 -55.664 50.8929 -0.0225 -6.00833 3.55271e-15
247 0 247 -0.0225 -56.3455 50.8929 -0.0225 -6.68987 3.55271e-15
248 0 248 -0.0225 -57.027 50.8929 -0.0225 -7.3714 3.55271e-15
249 0 249 -0.0225 -57.7086 50.8929 -0.0225 -8.05293 3.55271e-15
250 0 250 -0.0225 -58.3901 50.8929 -0.0225 -8.73447 3.55271e-15
251 0 251 -0.0225 -59.0716 50.8929 -0.0225 -9.416 3.55271e-15
252 0 252 -0.0225 -59.7532 50.8929 -0.0225 -10.0975 3.55271e-15
253 0 253 -0.0225 -60.4347 50.8929 -0.0225 -10.7791 3.55271e-15
254 0 254 -0.0225 -61.1162 50.8929 -0.0225 -11.4606 3.55271e-15
255 0 255 -0.0225 -61.7978 50.8929 -0.0225 -12.1421 3.55271e-15
256 0 256 -0.0225 -62.4793 50.8929 -0.0225 -12.8237 3.55271e-15
257 0 257 -0.0225 -63.1608 50.8929 -0.0225 -13.5052 3.55271e-15
258 0 258 -0.0225 -63.8424 50.8929 -0.0225 -14.1867 3.55271e-15
259 0 259 -0.0225 -64.5239 50.8929 -0.0225 -14.8683 3.55271e-15
260 0 260 -0.0225 -65.2054 50.8929 -0.0225 -15.5498 3.55271e-15
261 0 261 -0.0225 -65.887 50.8929 -0.0225 -16.2313 3.55271e-15
262 0 262 -0.0225 -66.5685 50.8929 -0.0225 -16.9129 3.55271e-15
263 0 263 -0.0225 -67.25 50.8929 -0.0225 -17.5944 3.55271e-15
264 0 264 -0.0225 -67.9316 50.8929 -0.0225 -18.2759 3.55271e-15
265 0 265 -0.0225 -68.6131 50.8929 -0.0225 -18.9575 3.55271e-15
266 0 266 -0.0225 -69.2946 50.8929 -0.0225 -19.639 3.55271e-15
267 0 267 -0.0225 -69.9762 50.8929 -0.0225 -20.3205 3.55271e-15
268 0 268 -0.0225 -70.6577 50.8929 -0.0225 -21.0021 3.55271e-15
269 0 269 -0.0225 -71.3392 50.8929 -0.0225 -21.6836 3.55271e-15
270 0 270 -0.0225 -72.0208 50.8929 -0.0225 -22.3652 3.55271e-15
271 0 271 -0.0225 -72.7023 50.8929 -0.0225 -23.0467 3.55271e-15
272 0 272 -0.0225 -73.3839 50.8929 -0.0225 -23.7282 3.55271e-15
273 0 273 -0.0225 -74.0654 50.8929 -0.0225 -24.4098 3.55271e-15
274 0 274 -0.0225 -74.7469 50.8929 -0.0225 -25.0913 3.55271e-15
275 0 275 -0.0225 -75.4285 50.8929 -0.0225 -25.7728 3.55271e-15
276 0 276 -0.0225 -76.11 50.8929 -0.0225 -26.4544 3.55271e-15
277 0 277 -0.0225 -76.7915 50.8929 -0.0225 -27.1359 3.55271e-15
278 0 278 -0.0225 -77.4731 50.8929 -0.0225 -27.8174 3.55271e-15
279 0 279 -0.0225 -78.1546 50.8929 -0.0225 -28.499 3.55271e-15
280 0 280 -0.0225 -78.8361 50.8929 -0.0225 -29.1805 3.55271e-15
281 0 281 -0.0225 -79.5177 50.8929 -0.0225 -29.862 3.55271e-15
282 0 282 -0.0225 -80.1992 50.8929 -0.0225 -30.5436 3.55271e-15
283 0 283 -0.0225 -80.8807 50.8929 -0.0225 -31.2251 3.55271e-15
284 0 284 -0.0225 -81.5623 50.8929 -0.0225 -31.9066 3.55271e-15
285 0 285 -0.0225 -82.2438 50.8929 -0.0225 -32.5882 3.55271e-15
286 0 286 -0.0225 -82.9253 50.8929 -0.0225 -33.2697 3.55271e-15
287 0 287 -0.0225 -82.9389 50.2083 -0.0225 -33.9512 7.10543e-15
288 0 288 -0.0225 -82.939 49.5098 -0.0225 -34.6328 3.55271e-15
289 0 289 -0.0225 -82.939 48.8113 -0.0225 -35.3143 7.10543e-15
290 0 290 -0.0225 -82.939 48.1128 -0.0225 -35.9958 1.06581e-14
291 0 291 -0.0225 -82.939 47.4143 -0.0225 -36.6774 1.42109e-14
292 0 292 -0.0225 -82.939 46.7158 -0.0225 -37.3589 7.10543e-15
293 0 293 -0.0225 -82.939 46.0172 -0.0225 -38.0404 1.06581e-14
294 0 294 -0.0225 -82.939 45.3187 -0.0225 -38.722 1.06581e-14
295 0 295 -0.0225 -82.9389 44.6202 -0.0225 -39.4035 1.06581e-14
296 0 296 -0.0225 -82.9389 43.9217 -0.0225 -40.085 1.06581e-14
297 0 297 -0.0225 -82.939 43.2232 -0.0225 -40.7666 1.42109e-14
298 0 298 -0.0225 -82.939 42.5247 -0.0225 -41.4481 1.06581e-14
299 0 299 -0.0225 -82.939 41.8262 -0.0225 -42.1296 1.06581e-14
300 0 300 -0.0225 -82.939 41.1276 -0.0225 -42.8112 1.42109e-14
301 0 301 -0.0225 -82.939 40.4291 -0.0225 -43.4927 1.42109e-14
302 0 302 -0.0225 -82.939 39.7306 -0.0225 -44.1742 1.42109e-14
303 0 303 -0.0225 -82.9389 39.0321 -0.0225 -44.8558 1.42109e-14
304 0 304 -0.0225 -82.9389 38.3336 -0.0225 -45.5373 1.77636e-14
305 0 305 -0.0225 -82.939 37.6351 -0.0225 -46.2188 1.42109e-14
306 0 306 -0.0225 -82.939 36.9365 -0.0225 -46.9004 1.42109e-14
307 0 307 -0.0225 -82.939 36.238 -0.0225 -47.5819 1.77636e-14
308 0 308 -0.0225 -82.939 35.5395 -0.0225 -48.2635 1.77636e-14
309 0 309 -0.0225 -82.939 34.841 -0.0225 -48.945 2.13163e-14
310 0 310 -0.0225 -82.939 34.1425 -0.0225 -49.6265 1.77636e-14
311 0 311 -0.0225 -82.939 33.444 -0.0225 -50.3081 1.77636e-14
312 0 312 -0.0225 -82.9389 32.7454 -0.0225 -50.9896 1.77636e-14
313 0 313 -0.0225 -82.9389 32.0469 -0.0225 -51.6711 2.13163e-14
314 0 314 -0.0225 -82.9389 31.3484 -0.0225 -52.3527 2.30926e-14
315 0 315 -0.0225 -82.939 30.6499 -0.0225 -53.0342 5.15143e-14
316 0 316 -0.0225 -82.939 29.9514 -0.0225 -53.7157 5.32907e-14
317 0 317 -0.0225 -82.939 29.2529 -0.0225 -54.3973 5.32907e-14
318 0 318 -0.0225 -82.939 28.5543 -0.0225 -55.0788 5.15143e-14
319 0 319 -0.0225 -82.939 27.8558 -0.0225 -55.7603 5.50671e-14
320 0 320 -0.0225 -82.9389 27.1573 -0.0225 -56.4419 5.32907e-14
321 0 321 -0.0225 -82.9389 26.4588 -0.0225 -57.1234 5.50671e-14
322 0 322 -0.0225 -82.9389 25.7603 -0.0225 -57.8049 5.50671e-14
323 0 323 -0.0225 -82.9389 25.0618 -0.0225 -58.4865 5.68434e-14
324 0 324 -0.0225 -82.939 24.3633 -0.0225 -59.168 5.68434e-14
325 0 325 -0.0225 -82.939 23.6647 -0.0225 -59.8495 5.68434e-14
326 0 326 -0.0225 -82.939 22.9662 -0.0225 -60.5311 5.68434e-14
327 0 327 -0.0225 -82.939 22.2677 -0.0225 -61.2126 5.86198e-14
328 0 328 -0.0225 -82.939 21.5692 -0.0225 -61.8941 5.86198e-14
329 0 329 -0.0225 -82.939 20.8707 -0.0225 -62.5757 6.03961e-14
330 0 330 -0.0225 -82.9389 20.1722 -0.0225 -63.2572 6.03961e-14
331 0 331 -0.0225 -82.9389 19.4736 -0.0225 -63.9387 6.21725e-14
332 0 332 -0.0225 -82.9389 18.7751 -0.0225 -64.6203 6.21725e-14
333 0 333 -0.0225 -82.9389 18.0766 -0.0225 -65.3018 6.39488e-14
334 0 334 -0.0225 -82.939 17.3781 -0.0225 -65.9833 6.21725e-14
335 0 335 -0.0225 -82.939 16.6796 -0.0225 -66.6649 6.21725e-14
336 0 336 -0.0225 -82.939 15.9811 -0.0225 -67.3464 6.39488e-14
337 0 337 -0.0225 -82.939 15.2825 -0.0225 -68.0279 6.21725e-14
338 0 338 -0.0225 -82.9389 14.584 -0.0225 -68.7095 6.39488e-14
339 0 339 -0.0225 -82.9389 13.8855 -0.0225 -69.391 6.57252e-14
340 0 340 -0.0225 -82.9389 13.187 -0.0225 -70.0725 6.75016e-14
341 0 341 -0.0225 -82.9389 12.4885 -0.0225 -70.7541 6.4837e-14
342 0 342 -0.0225 -82.9389 11.79 -0.0225 -71.4356 6.66134e-14
343 0 343 -0.0225 -82.939 11.0914 -0.0225 -72.1172 3.28626e-14
344 0 344 -0.0225 -82.939 10.3929 -0.0225 -72.7987 3.10862e-14
345 0 345 -0.0225 -82.939 9.69441 -0.0225 -73.4802 3.19744e-14
346 0 346 -0.0225 -82.939 8.9959 -0.0225 -74.1618 3.37508e-14
347 0 347 -0.0225 -82.939 8.29738 -0.0225 -74.8433 3.55271e-14
348 0 348 -0.0225 -82.939 7.59887 -0.0225 -75.5248 3.41949e-14
349 0 349 -0.0225 -82.9389 6.90035 -0.0225 -76.2064 4.9738e-14
350 0 350 -0.0225 -82.9389 6.20183 -0.0225 -76.8879 5.10703e-14
351 0 351 -0.0225 -82.9389 5.50332 -0.0225 -77.5694 4.92939e-14
352 0 352 -0.0225 -82.939 4.8048 -0.0225 -78.251 4.70735e-14
353 0 353 -0.0225 -82.939 4.10629 -0.0225 -78.9325 4.88498e-14
354 0 354 -0.0225 -82.939 3.40777 -0.0225 -79.614 5.04041e-14
355 0 355 -0.0225 -82.939 2.70925 -0.0225 -80.2956 4.84057e-14
356 0 356 -0.0225 -82.939 2.01074 -0.0225 -80.9771 5.01821e-14
357 0 357 -0.0225 -82.939 1.31222 -0.0225 -81.6586 5.17364e-14
358 0 358 -0.0225 -82.9389 0.613707 -0.0225 -82.3402 4.76286e-14
359 1 0 -0.510549 112.641 0.3155 -0.510549 113.142 0.804089
360 1 1 -0.510549 111.924 0.3155 -0.510549 113.142 1.5026
361 1 2 -0.510549 111.208 0.3155 -0.510549 113.142 2.20112
362 1 3 -0.510549 110.492 0.3155 -0.510549 113.142 2.89964
363 1 4 -0.510549 109.775 0.3155 -0.510549 113.142 3.59815
364 1 5 -0.510549 109.059 0.3155 -0.510549 113.142 4.29667
365 1 6 -0.510549 108.342 0.3155 -0.510549 113.142 4.99518
366 1 7 -0.510549 107.626 0.3155 -0.510549 113.142 5.6937
367 1 8 -0.510549 106.909 0.3155 -0.510549 113.142 6.39222
368 1 9 -0.510549 106.193 0.3155 -0.510549 113.142 7.09073
369 1 10 -0.510549 105.476 0.3155 -0.510549 113.142 7.78925
370 1 11 -0.510549 104.76 0.3155 -0.510549 113.142 8.48776
371 1 12 -0.510549 104.044 0.3155 -0.510549 113.142 9.18628
372 1 13 -0.510549 103.327 0.3155 -0.510549 113.142 9.8848
373 1 14 -0.510549 102.611 0.3155 -0.510549 113.142 10.5833
374 1 15 -0.510549 101.894 0.3155 -0.510549 113.142 11.2818
375 1 16 -0.510549 101.178 0.3155 -0.510549 113.142 11.9803
376 1 17 -0.510549 100.461 0.3155 -0.510549 113.142 12.6789
377 1 18 -0.510549 99.7449 0.3155 -0.510549 113.142 13.3774
378 1 19 -0.510549 99.0284 0.3155 -0.510549 113.142 14.0759
379 1 20 -0.510549 98.312 0.3155 -0.510549 113.142 14.7744
380 1 21 -0.510549 97.5956 0.3155 -0.510549 113.142 15.4729
381 1 22 -0.510549 96.8791 0.3155 -0.510549 113.142 16.1714
382 1 23 -0.510549 96.1627 0.3155 -0.510549 113.142 16.87
383 1 24 -0.510549 95.4462 0.3155 -0.510549 113.142 17.5685
384 1 25 -0.510549 94.7298 0.3155 -0.510549 113.142 18.267
385 1 26 -0.510549 94.0133 0.3155 -0.510549 113.142 18.9655
386 1 27 -0.510549 93.2969 0.3155 -0.510549 113.142 19.664
387 1 28 -0.510549 92.5804 0.3155 -0.510549 113.142 20.3625
388 1 29 -0.510549 91.864 0.3155 -0.510549 113.142 21.0611
389 1 30 -0.510549 91.1475 0.3155 -0.510549 113.142 21.7596
390 1 31 -0.510549 90.4311 0.3155 -0.510549 113.142 22.4581
391 1 32 -0.510549 89.7146 0.3155 -0.510549 113.142 23.1566
392 1 33 -0.510549 88.9982 0.3155 -0.510549 113.142 23.8551
393 1 34 -0.510549 88.2818 0.3155 -0.510549 113.142 24.5536
394 1 35 -0.510549 87.5653 0.3155 -0.510549 113.142 25.2521
395 1 36 -0.510549 86.8489 0.3155 -0.510549 113.142 25.9507
396 1 37 -0.510549 86.1324 0.3155 -0.510549 113.142 26.6492
397 1 38 -0.510549 85.416 0.3155 -0.510549 113.142 27.3477
398 1 39 -0.510549 84.6995 0.3155 -0.510549 113.142 28.0462
399 1 40 -0.510549 83.9831 0.3155 -0.510549 113.142 28.7447
400 1 41 -0.510549 83.2666 0.3155 -0.510549 113.142 29.4432
401 1 42 -0.510549 82.5502 0.3155 -0.510549 113.142 30.1418
402 1 43 -0.510549 81.8337 0.3155 -0.510549 113.142 30.8403
403 1 44 -0.510549 81.1173 0.3155 -0.510549 113.142 31.5388
404 1 45 -0.510549 80.4008 0.3155 -0.510549 113.142 32.2373
405 1 46 -0.510549 79.6844 0.3155 -0.510549 113.142 32.9358
406 1 47 -0.510549 78.968 0.3155 -0.510549 113.142 33.6343
407 1 48 -0.510549 78.2515 0.3155 -0.510549 113.142 34.3329
408 1 49 -0.510549 77.5351 0.3155 -0.510549 113.142 35.0314
409 1 50 -0.510549 76.8186 0.3155 -0.510549 113.142 35.7299
410 1 51 -0.510549 76.1022 0.3155 -0.510549 113.142 36.4284
411 1 52 -0.510549 75.3857 0.3155 -0.510549 113.142 37.1269
412 1 53 -0.510549 74.6693 0.3155 -0.510549 113.142 37.8254
413 1 54 -0.510549 73.9528 0.3155 -0.510549 113.142 38.524
414 1 55 -0.510549 73.2364 0.3155 -0.510549 113.142 39.2225
415 1 56 -0.510549 72.5199 0.3155 -0.510549 113.142 39.921
416 1 57 -0.510549 71.8035 0.3155 -0.510549 113.142 40.6195
417 1 58 -0.510549 71.087 0.3155 -0.510549 113.142 41.318
418 1 59 -0.510549 70.3706 0.3155 -0.510549 113.142 42.0165
419 1 60 -0.510549 69.6542 0.3155 -0.510549 113.142 42.715
420 1 61 -0.510549 68.9377 0.3155 -0.510549 113.142 43.4136
421 1 62 -0.510549 68.2213 0.3155 -0.510549 113.142 44.1121
422 1 63 -0.510549 67.5048 0.3155 -0.510549 113.142 44.8106
423 1 64 -0.510549 66.7884 0.3155 -0.510549 113.142 45.5091
424 1 65 -0.510549 66.0719 0.3155 -0.510549 113.142 46.2076
425 1 66 -0.510549 65.3555 0.3155 -0.510549 113.142 46.9061
426 1 67 -0.510549 64.639 0.3155 -0.510549 113.142 47.6047
427 1 68 -0.510549 63.9226 0.3155 -0.510549 113.142 48.3032
428 1 69 -0.510549 63.2061 0.3155 -0.510549 113.142 49.0017
429 1 70 -0.510549 62.4897 0.3155 -0.510549 113.142 49.7002
430 1 71 -0.510549 61.7732 0.3155 -0.510549 113.142 50.3987
431 1 72 -0.510549 61.0568 0.3155 -0.510549 112.609 50.5774
432 1 73 -0.510549 60.3404 0.3155 -0.510549 111.892 50.5774
433 1 74 -0.510549 59.6239 0.3155 -0.510549 111.176 50.5774
434 1 75 -0.510549 58.9075 0.3155 -0.510549 110.46 50.5774
435 1 76 -0.510549 58.191 0.3155 -0.510549 109.743 50.5774
436 1 77 -0.510549 57.4746 0.3155 -0.510549 109.027 50.5774
437 1 78 -0.510549 56.7581 0.3155 -0.510549 108.31 50.5774
438 1 79 -0.510549 56.0417 0.3155 -0.510549 107.594 50.5774
439 1 80 -0.510549 55.3252 0.3155 -0.510549 106.877 50.5774
440 1 81 -0.510549 54.6088 0.3155 -0.510549 106.161 50.5774
441 1 82 -0.510549 53.8923 0.3155 -0.510549 105.444 50.5774
442 1 83 -0.510549 53.1759 0.3155 -0.510549 104.728 50.5774
443 1 84 -0.510549 52.4594 0.3155 -0.510549 104.012 50.5774
444 1 85 -0.510549 51.743 0.3155 -0.510549 103.295 50.5774
445 1 86 -0.510549 51.0266 0.3155 -0.510549 102.579 50.5774
446 1 87 -0.510549 50.3101 0.3155 -0.510549 101.862 50.5774
447 1 88 -0.510549 49.5937 0.3155 -0.510549 101.146 50.5774
448 1 89 -0.510549 48.8772 0.3155 -0.510549 100.429 50.5774
449 1 90 -0.510549 48.1608 0.3155 -0.510549 99.7128 50.5774
450 1 91 -0.510549 47.4443 0.3155 -0.510549 98.9964 50.5774
451 1 92 -0.510549 46.7279 0.3155 -0.510549 98.2799 50.5774
452 1 93 -0.510549 46.0114 0.3155 -0.510549 97.5635 50.5774
453 1 94 -0.510549 45.295 0.3155 -0.510549 96.8471 50.5774
454 1 95 -0.510549 44.5785 0.3155 -0.510549 96.1306 50.5774
455 1 96 -0.510549 43.8621 0.3155 -0.510549 95.4142 50.5774
456 1 97 -0.510549 43.1457 0.3155 -0.510549 94.6977 50.5774
457 1 98 -0.510549 42.4292 0.3155 -0.510549 93.9813 50.5774
458 1 99 -0.510549 41.7128 0.3155 -0.510549 93.2648 50.5774
459 1 100 -0.510549 40.9963 0.3155 -0.510549 92.5484 50.5774
460 1 101 -0.510549 40.2799 0.3155 -0.510549 91.8319 50.5774
461 1 102 -0.510549 39.5634 0.3155 -0.510549 91.1155 50.5774
462 1 103 -0.510549 38.847 0.3155 -0.510549 90.399 50.5774
463 1 104 -0.510549 38.1305 0.3155 -0.510549 89.6826 50.5774
464 1 105 -0.510549 37.4141 0.3155 -0.510549 88.9661 50.5774
465 1 106 -0.510549 36.6976 0.3155 -0.510549 88.2497 50.5774
466 1 107 -0.510549 35.9812 0.3155 -0.510549 87.5333 50.5774
467 1 108 -0.510549 35.2647 0.3155 -0.510549 86.8168 50.5774
468 1 109 -0.510549 34.5483 0.3155 -0.510549 86.1004 50.5774
469 1 110 -0.510549 33.8319 0.3155 -0.510549 85.3839 50.5774
470 1 111 -0.510549 33.1154 0.3155 -0.510549 84.6675 50.5774
471 1 112 -0.510549 32.399 0.3155 -0.510549 83.951 50.5774
472 1 113 -0.510549 31.6825 0.3155 -0.510549 83.2346 50.5774
473 1 114 -0.510549 30.9661 0.3155 -0.510549 82.5181 50.5774
474 1 115 -0.510549 30.2496 0.3155 -0.510549 81.8017 50.5774
475 1 116 -0.510549 29.5332 0.3155 -0.510549 81.0852 50.5774
476 1 117 -0.510549 28.8167 0.3155 -0.510549 80.3688 50.5774
477 1 118 -0.510549 28.1003 0.3155 -0.510549 79.6523 50.5774
478 1 119 -0.510549 27.3838 0.3155 -0.510549 78.9359 50.5774
479 1 120 -0.510549 26.6674 0.3155 -0.510549 78.2195 50.5774
480 1 121 -0.510549 25.9509 0.3155 -0.510549 77.503 50.5774
481 1 122 -0.510549 25.2345 0.3155 -0.510549 76.7866 50.5774
482 1 123 -0.510549 24.5181 0.3155 -0.510549 76.0701 50.5774
483 1 124 -0.510549 23.8016 0.3155 -0.510549 75.3537 50.5774
484 1 125 -0.510549 23.0852 0.3155 -0.510549 74.6372 50.5774
485 1 126 -0.510549 22.3687 0.3155 -0.510549 73.9208 50.5774
486 1 127 -0.510549 21.6523 0.3155 -0.510549 73.2043 50.5774
487 1 128 -0.510549 20.9358 0.3155 -0.510549 72.4879 50.5774
488 1 129 -0.510549 20.2194 0.3155 -0.510549 71.7714 50.5774
489 1 130 -0.510549 19.5029 0.3155 -0.510549 71.055 50.5774
490 1 131 -0.510549 18.7865 0.3155 -0.510549 70.3385 50.5774
491 1 132 -0.510549 18.07 0.3155 -0.510549 69.6221 50.5774
492 1 133 -0.510549 17.3536 0.3155 -0.510549 68.9057 50.5774
493 1 134 -0.510549 16.6371 0.3155 -0.510549 68.1892 50.5774
494 1 135 -0.510549 15.9207 0.3155 -0.510549 67.4728 50.5774
495 1 136 -0.510549 15.2043 0.3155 -0.510549 66.7563 50.5774
496 1 137 -0.510549 14.4878 0.3155 -0.510549 66.0399 50.5774
497 1 138 -0.510549 13.7714 0.3155 -0.510549 65.3234 50.5774
498 1 139 -0.510549 13.0549 0.3155 -0.510549 64.607 50.5774
499 1 140 -0.510549 12.3385 0.3155 -0.510549 63.8905 50.5774
500 1 141 -0.510549 11.622 0.3155 -0.510549 63.1741 50.5774
501 1 142 -0.510549 10.9056 0.3155 -0.510549 62.4576 50.5774
502 1 143 -0.510549 10.1891 0.3155 -0.510549 61.7412 50.5774
503 1 144 -0.510549 9.47269 0.3155 -0.510549 61.0247 50.5774
504 1 145 -0.510549 8.75624 0.3155 -0.510549 60.3083 50.5774
505 1 146 -0.510549 8.03979 0.3155 -0.510549 59.5919 50.5774
506 1 147 -0.510549 7.32335 0.3155 -0.510549 58.8754 50.5774
507 1 148 -0.510549 6.6069 0.3155 -0.510549 58.159 50.5774
508 1 149 -0.510549 5.89046 0.3155 -0.510549 57.4425 50.5774
509 1 150 -0.510549 5.17401 0.3155 -0.510549 56.7261 50.5774
510 1 151 -0.510549 4.45756 0.3155 -0.510549 56.0096 50.5774
511 1 152 -0.510549 3.74112 0.3155 -0.510549 55.2932 50.5774
512 1 153 -0.510549 3.02467 0.3155 -0.510549 54.5767 50.5774
513 1 154 -0.510549 2.30822 0.3155 -0.510549 53.8603 50.5774
514 1 155 -0.510549 1.59178 0.3155 -0.510549 53.1438 50.5774
515 1 156 -0.510549 0.875333 0.3155 -0.510549 52.4274 50.5774
516 1 157 -0.510549 0.158887 0.3155 -0.510549 51.7109 50.5774
517 1 158 -0.510549 -0.55756 0.3155 -0.510549 50.9945 50.5774
518 1 159 -0.510549 -1.27401 0.3155 -0.510549 50.2781 50.5774
519 1 160 -0.510549 -1.99045 0.3155 -0.510549 49.5616 50.5774
520 1 161 -0.510549 -2.7069 0.3155 -0.510549 48.8452 50.5774
521 1 162 -0.510549 -3.42334 0.3155 -0.510549 48.1287 50.5774
522 1 163 -0.510549 -4.13979 0.3155 -0.510549 47.4123 50.5774
523 1 164 -0.510549 -4.85624 0.3155 -0.510549 46.6958 50.5774
524 1 165 -0.510549 -5.57268 0.3155 -0.510549 45.9794 50.5774
525 1 166 -0.510549 -6.28913 0.3155 -0.510549 45.2629 50.5774
526 1 167 -0.510549 -7.00557 0.3155 -0.510549 44.5465 50.5774
527 1 168 -0.510549 -7.72202 0.3155 -0.510549 43.83 50.5774
528 1 169 -0.510549 -8.43847 0.3155 -0.510549 43.1136 50.5774
529 1 170 -0.510549 -9.15491 0.3155 -0.510549 42.3972 50.5774
530 1 171 -0.510549 -9.87136 0.3155 -0.510549 41.6807 50.5774
531 1 172 -0.510549 -10.5878 0.3155 -0.510549 40.9643 50.5774
532 1 173 -0.510549 -11.3043 0.3155 -0.510549 40.2478 50.5774
533 1 174 -0.510549 -12.0207 0.3155 -0.510549 39.5314 50.5774
534 1 175 -0.510549 -12.7371 0.3155 -0.510549 38.8149 50.5774
535 1 176 -0.510549 -13.4536 0.3155 -0.510549 38.0985 50.5774
536 1 177 -0.510549 -14.17 0.3155 -0.510549 37.382 50.5774
537 1 178 -0.510549 -14.8865 0.3155 -0.510549 36.6656 50.5774
538 1 179 -0.510549 -15.6029 0.3155 -0.510549 35.9491 50.5774
539 1 180 -0.510549 -16.3194 0.3155 -0.510549 35.2327 50.5774
540 1 181 -0.510549 -17.0358 0.3155 -0.510549 34.5162 50.5774
541 1 182 -0.510549 -17.7523 0.3155 -0.510549 33.7998 50.5774
542 1 183 -0.510549 -18.4687 0.3155 -0.510549 33.0834 50.5774
543 1 184 -0.510549 -19.1852 0.3155 -0.510549 32.3669 50.5774
544 1 185 -0.510549 -19.9016 0.3155 -0.510549 31.6505 50.5774
545 1 186 -0.510549 -20.618 0.3155 -0.510549 30.934 50.5774
546 1 187 -0.510549 -21.3345 0.3155 -0.510549 30.2176 50.5774
547 1 188 -0.510549 -22.0509 0.3155 -0.510549 29.5011 50.5774
548 1 189 -0.510549 -22.7674 0.3155 -0.510549 28.7847 50.5774
549 1 190 -0.510549 -23.4838 0.3155 -0.510549 28.0682 50.5774
550 1 191 -0.510549 -24.2003 0.3155 -0.510549 27.3518 50.5774
551 1 192 -0.510549 -24.9167 0.3155 -0.510549 26.6353 50.5774
552 1 193 -0.510549 -25.6332 0.3155 -0.510549 25.9189 50.5774
553 1 194 -0.510549 -26.3496 0.3155 -0.510549 25.2024 50.5774
554 1 195 -0.510549 -27.0661 0.3155 -0.510549 24.486 50.5774
555 1 196 -0.510549 -27.7825 0.3155 -0.510549 23.7696 50.5774
556 1 197 -0.510549 -28.499 0.3155 -0.510549 23.0531 50.5774
557 1 198 -0.510549 -29.2154 0.3155 -0.510549 22.3367 50.5774
558 1 199 -0.510549 -29.9318 0.3155 -0.510549 21.6202 50.5774
559 1 200 -0.510549 -30.6483 0.3155 -0.510549 20.9038 50.5774
560 1 201 -0.510549 -31.3647 0.3155 -0.510549 20.1873 50.5774
561 1 202 -0.510549 -32.0812 0.3155 -0.510549 19.4709 50.5774
562 1 203 -0.510549 -32.7976 0.3155 -0.510549 18.7544 50.5774
563 1 204 -0.510549 -33.5141 0.3155 -0.510549 18.038 50.5774
564 1 205 -0.510549 -34.2305 0.3155 -0.510549 17.3215 50.5774
565 1 206 -0.510549 -34.947 0.3155 -0.510549 16.6051 50.5774
566 1 207 -0.510549 -35.6634 0.3155 -0.510549 15.8886 50.5774
567 1 208 -0.510549 -36.3799 0.3155 -0.510549 15.1722 50.5774
568 1 209 -0.510549 -37.0963 0.3155 -0.510549 14.4558 50.5774
569 1 210 -0.510549 -37.8128 0.3155 -0.510549 13.7393 50.5774
570 1 211 -0.510549 -38.5292 0.3155 -0.510549 13.0229 50.5774
571 1 212 -0.510549 -39.2456 0.3155 -0.510549 12.3064 50.5774
572 1 213 -0.510549 -39.9621 0.3155 -0.510549 11.59 50.5774
573 1 214 -0.510549 -40.6785 0.3155 -0.510549 10.8735 50.5774
574 1 215 -0.510549 -41.395 0.3155 -0.510549 10.1571 50.5774
575 1 216 -0.510549 -42.1114 0.3155 -0.510549 9.44063 50.5774
576 1 217 -0.510549 -42.8279 0.3155 -0.510549 8.72419 50.5774
577 1 218 -0.510549 -43.5443 0.3155 -0.510549 8.00774 50.5774
578 1 219 -0.510549 -44.2608 0.3155 -0.510549 7.29129 50.5774
579 1 220 -0.510549 -44.9772 0.3155 -0.510549 6.57485 50.5774
580 1 221 -0.510549 -45.6937 0.3155 -0.510549 5.8584 50.5774
581 1 222 -0.510549 -46.4101 0.3155 -0.510549 5.14195 50.5774
582 1 223 -0.510549 -47.1266 0.3155 -0.510549 4.42551 50.5774
583 1 224 -0.510549 -47.843 0.3155 -0.510549 3.70906 50.5774
584 1 225 -0.510549 -48.5594 0.3155 -0.510549 2.99262 50.5774
585 1 226 -0.510549 -49.2759 0.3155 -0.510549 2.27617 50.5774
586 1 227 -0.510549 -49.9923 0.3155 -0.510549 1.55972 50.5774
587 1 228 -0.510549 -50.7088 0.3155 -0.510549 0.843278 50.5774
588 1 229 -0.510549 -51.4252 0.3155 -0.510549 0.126832 50.5774
589 1 230 -0.510549 -52.1417 0.3155 -0.510549 -0.589614 50.5774
590 1 231 -0.510549 -52.8581 0.3155 -0.510549 -1.30606 50.5774
591 1 232 -0.510549 -53.5746 0.3155 -0.510549 -2.02251 50.5774
592 1 233 -0.510549 -54.291 0.3155 -0.510549 -2.73895 50.5774
593 1 234 -0.510549 -55.0075 0.3155 -0.510549 -3.4554 50.5774
594 1 235 -0.510549 -55.7239 0.3155 -0.510549 -4.17184 50.5774
595 1 236 -0.510549 -56.4404 0.3155 -0.510549 -4.88829 50.5774
596 1 237 -0.510549 -57.1568 0.3155 -0.510549 -5.60474 50.5774
597 1 238 -0.510549 -57.8732 0.3155 -0.510549 -6.32118 50.5774
598 1 239 -0.510549 -58.5897 0.3155 -0.510549 -7.03763 50.5774
599 1 240 -0.510549 -59.3061 0.3155 -0.510549 -7.75407 50.5774
600 1 241 -0.510549 -60.0226 0.3155 -0.510549 -8.47052 50.5774
601 1 242 -0.510549 -60.739 0.3155 -0.510549 -9.18697 50.5774
602 1 243 -0.510549 -61.4555 0.3155 -0.510549 -9.90341 50.5774
603 1 244 -0.510549 -62.1719 0.3155 -0.510549 -10.6199 50.5774
604 1 245 -0.510549 -62.8884 0.3155 -0.510549 -11.3363 50.5774
605 1 246 -0.510549 -63.6048 0.3155 -0.510549 -12.0528 50.5774
606 1 247 -0.510549 -64.3213 0.3155 -0.510549 -12.7692 50.5774
607 1 248 -0.510549 -65.0377 0.3155 -0.510549 -13.4856 50.5774
608 1 249 -0.510549 -65.7542 0.3155 -0.510549 -14.2021 50.5774
609 1 250 -0.510549 -66.4706 0.3155 -0.510549 -14.9185 50.5774
610 1 251 -0.510549 -67.187 0.3155 -0.510549 -15.635 50.5774
611 1 252 -0.510549 -67.9035 0.3155 -0.510549 -16.3514 50.5774
612 1 253 -0.510549 -68.6199 0.3155 -0.510549 -17.0679 50.5774
613 1 254 -0.510549 -69.3364 0.3155 -0.510549 -17.7843 50.5774
614 1 255 -0.510549 -70.0528 0.3155 -0.510549 -18.5008 50.5774
615 1 256 -0.510549 -70.7693 0.3155 -0.510549 -19.2172 50.5774
616 1 257 -0.510549 -71.4857 0.3155 -0.510549 -19.9337 50.5774
617 1 258 -0.510549 -72.2022 0.3155 -0.510549 -20.6501 50.5774
618 1 259 -0.510549 -72.9186 0.3155 -0.510549 -21.3665 50.5774
619 1 260 -0.510549 -73.6351 0.3155 -0.510549 -22.083 50.5774
620 1 261 -0.510549 -74.3515 0.3155 -0.510549 -22.7994 50.5774
621 1 262 -0.510549 -75.068 0.3155 -0.510549 -23.5159 50.5774
622 1 263 -0.510549 -75.7844 0.3155 -0.510549 -24.2323 50.5774
623 1 264 -0.510549 -76.5008 0.3155 -0.510549 -24.9488 50.5774
624 1 265 -0.510549 -77.2173 0.3155 -0.510549 -25.6652 50.5774
625 1 266 -0.510549 -77.9337 0.3155 -0.510549 -26.3817 50.5774
626 1 267 -0.510549 -78.6502 0.3155 -0.510549 -27.0981 50.5774
627 1 268 -0.510549 -79.3666 0.3155 -0.510549 -27.8146 50.5774
628 1 269 -0.510549 -80.0831 0.3155 -0.510549 -28.531 50.5774
629 1 270 -0.510549 -80.7995 0.3155 -0.510549 -29.2475 50.5774
630 1 271 -0.510549 -81.516 0.3155 -0.510549 -29.9639 50.5774
631 1 272 -0.510549 -82.2324 0.3155 -0.510549 -30.6803 50.5774
632 1 273 -0.510549 -82.6235 0.632764 -0.510549 -31.3968 50.5774
633 1 274 -0.510549 -82.6235 1.33128 -0.510549 -32.1132 50.5774
634 1 275 -0.510549 -82.6234 2.0298 -0.510549 -32.8297 50.5774
635 1 276 -0.510549 -82.6235 2.72831 -0.510549 -33.5461 50.5774
636 1 277 -0.510549 -82.6234 3.42683 -0.510549 -34.2626 50.5774
637 1 278 -0.510549 -82.6235 4.12534 -0.510549 -34.979 50.5774
638 1 279 -0.510549 -82.6234 4.82386 -0.510549 -35.6955 50.5774
639 1 280 -0.510549 -82.6235 5.52238 -0.510549 -36.4119 50.5774
640 1 281 -0.510549 -82.6235 6.22089 -0.510549 -37.1284 50.5774
641 1 282 -0.510549 -82.6234 6.91941 -0.510549 -37.8448 50.5774
642 1 283 -0.510549 -82.6235 7.61792 -0.510549 -38.5613 50.5774
643 1 284 -0.510549 -82.6235 8.31644 -0.510549 -39.2777 50.5774
644 1 285 -0.510549 -82.6234 9.01496 -0.510549 -39.9941 50.5774
645 1 286 -0.510549 -82.6234 9.71347 -0.510549 -40.7106 50.5774
646 1 287 -0.510549 -82.6234 10.412 -0.510549 -41.427 50.5774
647 1 288 -0.510549 -82.6235 11.1105 -0.510549 -42.1435 50.5774
648 1 289 -0.510549 -82.6234 11.809 -0.510549 -42.8599 50.5774
649 1 290 -0.510549 -82.6235 12.5075 -0.510549 -43.5764 50.5774
650 1 291 -0.510549 -82.6235 13.2061 -0.510549 -44.2928 50.5774
651 1 292 -0.510549 -82.6234 13.9046 -0.510549 -45.0093 50.5774
652 1 293 -0.510549 -82.6235 14.6031 -0.510549 -45.7257 50.5774
653 1 294 -0.510549 -82.6234 15.3016 -0.510549 -46.4422 50.5774
654 1 295 -0.510549 -82.6235 16.0001 -0.510549 -47.1586 50.5774
655 1 296 -0.510549 -82.6234 16.6986 -0.510549 -47.8751 50.5774
656 1 297 -0.510549 -82.6234 17.3971 -0.510549 -48.5915 50.5774
657 1 298 -0.510549 -82.6235 18.0957 -0.510549 -49.3079 50.5774
658 1 299 -0.510549 -82.6234 18.7942 -0.510549 -50.0244 50.5774
659 1 300 -0.510549 -82.6235 19.4927 -0.510549 -50.7408 50.5774
660 1 301 -0.510549 -82.6235 20.1912 -0.510549 -51.4573 50.5774
661 1 302 -0.510549 -82.6234 20.8897 -0.510549 -52.1737 50.5774
662 1 303 -0.510549 -82.6235 21.5882 -0.510549 -52.8902 50.5774
663 1 304 -0.510549 -82.6234 22.2868 -0.510549 -53.6066 50.5774
664 1 305 -0.510549 -82.6235 22.9853 -0.510549 -54.3231 50.5774
665 1 306 -0.510549 -82.6235 23.6838 -0.510549 -55.0395 50.5774
666 1 307 -0.510549 -82.6234 24.3823 -0.510549 -55.756 50.5774
667 1 308 -0.510549 -82.6235 25.0808 -0.510549 -56.4724 50.5774
668 1 309 -0.510549 -82.6234 25.7793 -0.510549 -57.1889 50.5774
669 1 310 -0.510549 -82.6235 26.4779 -0.510549 -57.9053 50.5774
670 1 311 -0.510549 -82.6235 27.1764 -0.510549 -58.6217 50.5774
671 1 312 -0.510549 -82.6234 27.8749 -0.510549 -59.3382 50.5774
672 1 313 -0.510549 -82.6235 28.5734 -0.510549 -60.0546 50.5774
673 1 314 -0.510549 -82.6234 29.2719 -0.510549 -60.7711 50.5774
674 1 315 -0.510549 -82.6235 29.9704 -0.510549 -61.4875 50.5774
675 1 316 -0.510549 -82.6235 30.669 -0.510549 -62.204 50.5774
676 1 317 -0.510549 -82.6235 31.3675 -0.510549 -62.9204 50.5774
677 1 318 -0.510549 -82.6235 32.066 -0.510549 -63.6369 50.5774
678 1 319 -0.510549 -82.6234 32.7645 -0.510549 -64.3533 50.5774
679 1 320 -0.510549 -82.6235 33.463 -0.510549 -65.0698 50.5774
680 1 321 -0.510549 -82.6234 34.1615 -0.510549 -65.7862 50.5774
681 1 322 -0.510549 -82.6234 34.86 -0.510549 -66.5027 50.5774
682 1 323 -0.510549 -82.6235 35.5586 -0.510549 -67.2191 50.5774
683 1 324 -0.510549 -82.6234 36.2571 -0.510549 -67.9355 50.5774
684 1 325 -0.510549 -82.6235 36.9556 -0.510549 -68.652 50.5774
685 1 326 -0.510549 -82.6235 37.6541 -0.510549 -69.3684 50.5774
686 1 327 -0.510549 -82.6235 38.3526 -0.510549 -70.0849 50.5774
687 1 328 -0.510549 -82.6235 39.0511 -0.510549 -70.8013 50.5774
688 1 329 -0.510549 -82.6234 39.7497 -0.510549 -71.5178 50.5774
689 1 330 -0.510549 -82.6235 40.4482 -0.510549 -72.2342 50.5774
690 1 331 -0.510549 -82.6234 41.1467 -0.510549 -72.9507 50.5774
691 1 332 -0.510549 -82.6235 41.8452 -0.510549 -73.6671 50.5774
692 1 333 -0.510549 -82.6235 42.5437 -0.510549 -74.3836 50.5774
693 1 334 -0.510549 -82.6234 43.2422 -0.510549 -75.1 50.5774
694 1 335 -0.510549 -82.6235 43.9408 -0.510549 -75.8165 50.5774
695 1 336 -0.510549 -82.6234 44.6393 -0.510549 -76.5329 50.5774
696 1 337 -0.510549 -82.6235 45.3378 -0.510549 -77.2493 50.5774
697 1 338 -0.510549 -82.6235 46.0363 -0.510549 -77.9658 50.5774
698 1 339 -0.510549 -82.6234 46.7348 -0.510549 -78.6822 50.5774
699 1 340 -0.510549 -82.6235 47.4333 -0.510549 -79.3987 50.5774
700 1 341 -0.510549 -82.6234 48.1319 -0.510549 -80.1151 50.5774
701 1 342 -0.510549 -82.6235 48.8304 -0.510549 -80.8316 50.5774
702 1 343 -0.510549 -82.6235 49.5289 -0.510549 -81.548 50.5774
703 1 344 -0.510549 -82.6234 50.2274 -0.510549 -82.2645 50.5774
704 2 0 -0.998598 -82.308 0.29937 -0.998598 113.142 0.29937
705 2 1 -0.998598 -82.308 0.748425 -0.998598 113.142 0.748425
706 2 2 -0.998598 -82.308 1.19748 -0.998598 113.142 1.19748
707 2 3 -0.998598 -82.308 1.64654 -0.998598 113.142 1.64654
708 2 4 -0.998598 -82.308 2.09559 -0.998598 113.142 2.09559
709 2 5 -0.998598 -82.308 2.54465 -0.998598 113.142 2.54465
710 2 6 -0.998598 -82.308 2.9937 -0.998598 113.142 2.9937
711 2 7 -0.998598 -82.308 3.44276 -0.998598 113.142 3.44276
712 2 8 -0.998598 -82.308 3.89181 -0.998598 113.142 3.89181
713 2 9 -0.998598 -82.308 4.34087 -0.998598 113.142 4.34087
714 2 10 -0.998598 -82.308 4.78992 -0.998598 113.142 4.78992
715 2 11 -0.998598 -82.308 5.23898 -0.998598 113.142 5.23898
716 2 12 -0.998598 -82.308 5.68803 -0.998598 113.142 5.68803
717 2 13 -0.998598 -82.308 6.13709 -0.998598 113.142 6.13709
718 2 14 -0.998598 -82.308 6.58614 -0.998598 113.142 6.58614
719 2 15 -0.998598 -82.308 7.0352 -0.998598 113.142 7.0352
720 2 16 -0.998598 -82.308 7.48425 -0.998598 113.142 7.48425
721 2 17 -0.998598 -82.308 7.93331 -0.998598 113.142 7.93331
722 2 18 -0.998598 -82.308 8.38236 -0.998598 113.142 8.38236
723 2 19 -0.998598 -82.308 8.83142 -0.998598 113.142 8.83142
724 2 20 -0.998598 -82.308 9.28047 -0.998598 113.142 9.28047
725 2 21 -0.998598 -82.308 9.72953 -0.998598 113.142 9.72953
726 2 22 -0.998598 -82.308 10.1786 -0.998598 113.142 10.1786
727 2 23 -0.998598 -82.308 10.6276 -0.998598 113.142 10.6276
728 2 24 -0.998598 -82.308 11.0767 -0.998598 113.142 11.0767
729 2 25 -0.998598 -82.308 11.5257 -0.998598 113.142 11.5257
730 2 26 -0.998598 -82.308 11.9748 -0.998598 113.142 11.9748
731 2 27 -0.998598 -82.308 12.4239 -0.998598 113.142 12.4239
732 2 28 -0.998598 -82.308 12.8729 -0.998598 113.142 12.8729
733 2 29 -0.998598 -82.308 13.322 -0.998598 113.142 13.322
734 2 30 -0.998598 -82.308 13.771 -0.998598 113.142 13.771
735 2 31 -0.998598 -82.308 14.2201 -0.998598 113.142 14.2201
736 2 32 -0.998598 -82.308 14.6691 -0.998598 113.142 14.6691
737 2 33 -0.998598 -82.308 15.1182 -0.998598 113.142 15.1182
738 2 34 -0.998598 -82.308 15.5672 -0.998598 113.142 15.5672
739 2 35 -0.998598 -82.308 16.0163 -0.998598 113.142 16.0163
740 2 36 -0.998598 -82.308 16.4654 -0.998598 113.142 16.4654
741 2 37 -0.998598 -82.308 16.9144 -0.998598 113.142 16.9144
742 2 38 -0.998598 -82.308 17.3635 -0.998598 113.142 17.3635
743 2 39 -0.998598 -82.308 17.8125 -0.998598 113.142 17.8125
744 2 40 -0.998598 -82.308 18.2616 -0.998598 113.142 18.2616
745 2 41 -0.998598 -82.308 18.7106 -0.998598 113.142 18.7106
746 2 42 -0.998598 -82.308 19.1597 -0.998598 113.142 19.1597
747 2 43 -0.998598 -82.308 19.6087 -0.998598 113.142 19.6087
748 2 44 -0.998598 -82.308 20.0578 -0.998598 113.142 20.0578
749 2 45 -0.998598 -82.308 20.5068 -0.998598 113.142 20.5068
750 2 46 -0.998598 -82.308 20.9559 -0.998598 113.142 20.9559
751 2 47 -0.998598 -82.308 21.405 -0.998598 113.142 21.405
752 2 48 -0.998598 -82.308 21.854 -0.998598 113.142 21.854
753 2 49 -0.998598 -82.308 22.3031 -0.998598 113.142 22.3031
754 2 50 -0.998598 -82.308 22.7521 -0.998598 113.142 22.7521
755 2 51 -0.998598 -82.308 23.2012 -0.998598 113.142 23.2012
756 2 52 -0.998598 -82.308 23.6502 -0.998598 113.142 23.6502
757 2 53 -0.998598 -82.308 24.0993 -0.998598 113.142 24.0993
758 2 54 -0.998598 -82.308 24.5483 -0.998598 113.142 24.5483
759 2 55 -0.998598 -82.308 24.9974 -0.998598 113.142 24.9974
760 2 56 -0.998598 -82.308 25.4465 -0.998598 113.142 25.4465
761 2 57 -0.998598 -82.308 25.8955 -0.998598 113.142 25.8955
762 2 58 -0.998598 -82.308 26.3446 -0.998598 113.142 26.3446
763 2 59 -0.998598 -82.308 26.7936 -0.998598 113.142 26.7936
764 2 60 -0.998598 -82.308 27.2427 -0.998598 113.142 27.2427
765 2 61 -0.998598 -82.308 27.6917 -0.998598 113.142 27.6917
766 2 62 -0.998598 -82.308 28.1408 -0.998598 113.142 28.1408
767 2 63 -0.998598 -82.308 28.5898 -0.998598 113.142 28.5898
768 2 64 -0.998598 -82.308 29.0389 -0.998598 113.142 29.0389
769 2 65 -0.998598 -82.308 29.4879 -0.998598 113.142 29.4879
770 2 66 -0.998598 -82.308 29.937 -0.998598 113.142 29.937
771 2 67 -0.998598 -82.308 30.3861 -0.998598 113.142 30.3861
772 2 68 -0.998598 -82.308 30.8351 -0.998598 113.142 30.8351
773 2 69 -0.998598 -82.308 31.2842 -0.998598 113.142 31.2842
774 2 70 -0.998598 -82.308 31.7332 -0.998598 113.142 31.7332
775 2 71 -0.998598 -82.308 32.1823 -0.998598 113.142 32.1823
776 2 72 -0.998598 -82.308 32.6313 -0.998598 113.142 32.6313
777 2 73 -0.998598 -82.308 33.0804 -0.998598 113.142 33.0804
778 2 74 -0.998598 -82.308 33.5294 -0.998598 113.142 33.5294
779 2 75 -0.998598 -82.308 33.9785 -0.998598 113.142 33.9785
780 2 76 -0.998598 -82.308 34.4276 -0.998598 113.142 34.4276
781 2 77 -0.998598 -82.308 34.8766 -0.998598 113.142 34.8766
782 2 78 -0.998598 -82.308 35.3257 -0.998598 113.142 35.3257
783 2 79 -0.998598 -82.308 35.7747 -0.998598 113.142 35.7747
784 2 80 -0.998598 -82.308 36.2238 -0.998598 113.142 36.2238
785 2 81 -0.998598 -82.308 36.6728 -0.998598 113.142 36.6728
786 2 82 -0.998598 -82.308 37.1219 -0.998598 113.142 37.1219
787 2 83 -0.998598 -82.308 37.5709 -0.998598 113.142 37.5709
788 2 84 -0.998598 -82.308 38.02 -0.998598 113.142 38.02
789 2 85 -0.998598 -82.308 38.469 -0.998598 113.142 38.469
790 2 86 -0.998598 -82.308 38.9181 -0.998598 113.142 38.9181
791 2 87 -0.998598 -82.308 39.3672 -0.998598 113.142 39.3672
792 2 88 -0.998598 -82.308 39.8162 -0.998598 113.142 39.8162
793 2 89 -0.998598 -82.308 40.2653 -0.998598 113.142 40.2653
794 2 90 -0.998598 -82.308 40.7143 -0.998598 113.142 40.7143
795 2 91 -0.998598 -82.308 41.1634 -0.998598 113.142 41.1634
796 2 92 -0.998598 -82.308 41.6124 -0.998598 113.142 41.6124
797 2 93 -0.998598 -82.308 42.0615 -0.998598 113.142 42.0615
798 2 94 -0.998598 -82.308 42.5105 -0.998598 113.142 42.5105
799 2 95 -0.998598 -82.308 42.9596 -0.998598 113.142 42.9596
800 2 96 -0.998598 -82.308 43.4087 -0.998598 113.142 43.4087
801 2 97 -0.998598 -82.308 43.8577 -0.998598 113.142 43.8577
802 2 98 -0.998598 -82.308 44.3068 -0.998598 113.142 44.3068
803 2 99 -0.998598 -82.308 44.7558 -0.998598 113.142 44.7558
804 2 100 -0.998598 -82.308 45.2049 -0.998598 113.142 45.2049
805 2 101 -0.998598 -82.308 45.6539 -0.998598 113.142 45.6539
806 2 102 -0.998598 -82.308 46.103 -0.998598 113.142 46.103
807 2 103 -0.998598 -82.308 46.552 -0.998598 113.142 46.552
808 2 104 -0.998598 -82.308 47.0011 -0.998598 113.142 47.0011
809 2 105 -0.998598 -82.308 47.4501 -0.998598 113.142 47.4501
810 2 106 -0.998598 -82.308 47.8992 -0.998598 113.142 47.8992
811 2 107 -0.998598 -82.308 48.3483 -0.998598 113.142 48.3483
812 2 108 -0.998598 -82.308 48.7973 -0.998598 113.142 48.7973
813 2 109 -0.998598 -82.308 49.2464 -0.998598 113.142 49.2464
814 2 110 -0.998598 -82.308 49.6954 -0.998598 113.142 49.6954
815 2 111 -0.998598 -82.308 50.1445 -0.998598 113.142 50.1445
